1602
(
    (-0.04160311256 0.6395058738 0.0005)
    (-0.04160311256 0.6395058738 -0.0005)
    (-0.04249524939 0.6394441965 0.0005)
    (-0.04249524939 0.6394441965 -0.0005)
    (-0.04338738621 0.6393825192 0.0005)
    (-0.04338738621 0.6393825192 -0.0005)
    (-0.04427952303 0.639320842 0.0005)
    (-0.04427952303 0.639320842 -0.0005)
    (-0.04517173016 0.6392601996 0.0005)
    (-0.04517173016 0.6392601996 -0.0005)
    (-0.04606400427 0.6392005421 0.0005)
    (-0.04606400427 0.6392005421 -0.0005)
    (-0.04695625918 0.6391405988 0.0005)
    (-0.04695625918 0.6391405988 -0.0005)
    (-0.04784848355 0.6390802023 0.0005)
    (-0.04784848355 0.6390802023 -0.0005)
    (-0.0487406818 0.6390194212 0.0005)
    (-0.0487406818 0.6390194212 -0.0005)
    (-0.04963284826 0.6389581756 0.0005)
    (-0.04963284826 0.6389581756 -0.0005)
    (-0.05052498775 0.6388965375 0.0005)
    (-0.05052498775 0.6388965375 -0.0005)
    (-0.05141709416 0.6388344236 0.0005)
    (-0.05141709416 0.6388344236 -0.0005)
    (-0.05230917272 0.6387719095 0.0005)
    (-0.05230917272 0.6387719095 -0.0005)
    (-0.05320121689 0.6387089083 0.0005)
    (-0.05320121689 0.6387089083 -0.0005)
    (-0.05409322803 0.6386454392 0.0005)
    (-0.05409322803 0.6386454392 -0.0005)
    (-0.05498520771 0.6385815314 0.0005)
    (-0.05498520771 0.6385815314 -0.0005)
    (-0.05587715162 0.638517125 0.0005)
    (-0.05587715162 0.638517125 -0.0005)
    (-0.05676906451 0.6384522915 0.0005)
    (-0.05676906451 0.6384522915 -0.0005)
    (-0.05766094023 0.6383869481 0.0005)
    (-0.05766094023 0.6383869481 -0.0005)
    (-0.05855278394 0.63832117 0.0005)
    (-0.05855278394 0.63832117 -0.0005)
    (-0.05944458908 0.6382548706 0.0005)
    (-0.05944458908 0.6382548706 -0.0005)
    (-0.06033636122 0.6381881286 0.0005)
    (-0.06033636122 0.6381881286 -0.0005)
    (-0.06122809329 0.6381208541 0.0005)
    (-0.06122809329 0.6381208541 -0.0005)
    (-0.06211979135 0.6380531295 0.0005)
    (-0.06211979135 0.6380531295 -0.0005)
    (-0.06301144785 0.6379848608 0.0005)
    (-0.06301144785 0.6379848608 -0.0005)
    (-0.0639030693 0.6379161343 0.0005)
    (-0.0639030693 0.6379161343 -0.0005)
    (-0.06479464763 0.6378468524 0.0005)
    (-0.06479464763 0.6378468524 -0.0005)
    (-0.06568618629 0.6377770596 0.0005)
    (-0.06568618629 0.6377770596 -0.0005)
    (-0.06657770569 0.637707022 0.0005)
    (-0.06657770569 0.637707022 -0.0005)
    (-0.06746920475 0.6376367253 0.0005)
    (-0.06746920475 0.6376367253 -0.0005)
    (-0.06836070271 0.6375664149 0.0005)
    (-0.06836070271 0.6375664149 -0.0005)
    (-0.06925220069 0.6374961044 0.0005)
    (-0.06925220069 0.6374961044 -0.0005)
    (-0.07014369867 0.6374257939 0.0005)
    (-0.07014369867 0.6374257939 -0.0005)
    (-0.07103519664 0.6373554834 0.0005)
    (-0.07103519664 0.6373554834 -0.0005)
    (-0.07192669461 0.6372851729 0.0005)
    (-0.07192669461 0.6372851729 -0.0005)
    (-0.07281819257 0.6372148625 0.0005)
    (-0.07281819257 0.6372148625 -0.0005)
    (-0.07370967758 0.6371443885 0.0005)
    (-0.07370967758 0.6371443885 -0.0005)
    (-0.07460112752 0.6370734726 0.0005)
    (-0.07460112752 0.6370734726 -0.0005)
    (-0.07549255005 0.6370022124 0.0005)
    (-0.07549255005 0.6370022124 -0.0005)
    (-0.07638392857 0.6369304056 0.0005)
    (-0.07638392857 0.6369304056 -0.0005)
    (-0.07727526836 0.6368581174 0.0005)
    (-0.07727526836 0.6368581174 -0.0005)
    (-0.07816656666 0.6367853214 0.0005)
    (-0.07816656666 0.6367853214 -0.0005)
    (-0.07905782175 0.6367119964 0.0005)
    (-0.07905782175 0.6367119964 -0.0005)
    (-0.0799490412 0.6366382412 0.0005)
    (-0.0799490412 0.6366382412 -0.0005)
    (-0.08084021828 0.6365639747 0.0005)
    (-0.08084021828 0.6365639747 -0.0005)
    (-0.08173136035 0.6364892901 0.0005)
    (-0.08173136035 0.6364892901 -0.0005)
    (-0.08262246097 0.636414112 0.0005)
    (-0.08262246097 0.636414112 -0.0005)
    (-0.08351352723 0.636338528 0.0005)
    (-0.08351352723 0.636338528 -0.0005)
    (-0.08440455301 0.6362624682 0.0005)
    (-0.08440455301 0.6362624682 -0.0005)
    (-0.0852955451 0.6361860144 0.0005)
    (-0.0852955451 0.6361860144 -0.0005)
    (-0.08618649774 0.6361091027 0.0005)
    (-0.08618649774 0.6361091027 -0.0005)
    (-0.0870774174 0.6360318092 0.0005)
    (-0.0870774174 0.6360318092 -0.0005)
    (-0.08796829869 0.6359540754 0.0005)
    (-0.08796829869 0.6359540754 -0.0005)
    (-0.08885914775 0.6358759719 0.0005)
    (-0.08885914775 0.6358759719 -0.0005)
    (-0.08974995955 0.6357974459 0.0005)
    (-0.08974995955 0.6357974459 -0.0005)
    (-0.09064073412 0.6357184975 0.0005)
    (-0.09064073412 0.6357184975 -0.0005)
    (-0.0915314784 0.635639209 0.0005)
    (-0.0915314784 0.635639209 -0.0005)
    (-0.09242218662 0.6355595157 0.0005)
    (-0.09242218662 0.6355595157 -0.0005)
    (-0.09331286539 0.6354794945 0.0005)
    (-0.09331286539 0.6354794945 -0.0005)
    (-0.09420350933 0.6353990863 0.0005)
    (-0.09420350933 0.6353990863 -0.0005)
    (-0.09509416379 0.6353187958 0.0005)
    (-0.09509416379 0.6353187958 -0.0005)
    (-0.09598487476 0.6352391352 0.0005)
    (-0.09598487476 0.6352391352 -0.0005)
    (-0.09687562057 0.635159863 0.0005)
    (-0.09687562057 0.635159863 -0.0005)
    (-0.09776636638 0.6350805908 0.0005)
    (-0.09776636638 0.6350805908 -0.0005)
    (-0.0986571122 0.6350013185 0.0005)
    (-0.0986571122 0.6350013185 -0.0005)
    (-0.09954771011 0.6349204215 0.0005)
    (-0.09954771011 0.6349204215 -0.0005)
    (-0.100438144 0.6348377229 0.0005)
    (-0.100438144 0.6348377229 -0.0005)
    (-0.1013285618 0.6347548473 0.0005)
    (-0.1013285618 0.6347548473 -0.0005)
    (-0.1022189796 0.6346719717 0.0005)
    (-0.1022189796 0.6346719717 -0.0005)
    (-0.1031094356 0.6345895089 0.0005)
    (-0.1031094356 0.6345895089 -0.0005)
    (-0.103999935 0.6345075154 0.0005)
    (-0.103999935 0.6345075154 -0.0005)
    (-0.1048904133 0.6344252932 0.0005)
    (-0.1048904133 0.6344252932 -0.0005)
    (-0.105780855 0.6343426754 0.0005)
    (-0.105780855 0.6343426754 -0.0005)
    (-0.1066712649 0.6342597166 0.0005)
    (-0.1066712649 0.6342597166 -0.0005)
    (-0.1075616365 0.6341763467 0.0005)
    (-0.1075616365 0.6341763467 -0.0005)
    (-0.1084519751 0.6340926255 0.0005)
    (-0.1084519751 0.6340926255 -0.0005)
    (-0.1093422735 0.6340084778 0.0005)
    (-0.1093422735 0.6340084778 -0.0005)
    (-0.1102325377 0.6339239683 0.0005)
    (-0.1102325377 0.6339239683 -0.0005)
    (-0.1111227597 0.6338390171 0.0005)
    (-0.1111227597 0.6338390171 -0.0005)
    (-0.1120129462 0.6337536935 0.0005)
    (-0.1120129462 0.6337536935 -0.0005)
    (-0.1129030887 0.6336679129 0.0005)
    (-0.1129030887 0.6336679129 -0.0005)
    (-0.1137931907 0.6335817117 0.0005)
    (-0.1137931907 0.6335817117 -0.0005)
    (-0.1146832504 0.6334950758 0.0005)
    (-0.1146832504 0.6334950758 -0.0005)
    (-0.115573264 0.6334079675 0.0005)
    (-0.115573264 0.6334079675 -0.0005)
    (-0.1164632375 0.6333204508 0.0005)
    (-0.1164632375 0.6333204508 -0.0005)
    (-0.117353163 0.6332324463 0.0005)
    (-0.117353163 0.6332324463 -0.0005)
    (-0.1182430468 0.6331440229 0.0005)
    (-0.1182430468 0.6331440229 -0.0005)
    (-0.1191328806 0.6330550964 0.0005)
    (-0.1191328806 0.6330550964 -0.0005)
    (-0.1200226713 0.6329657407 0.0005)
    (-0.1200226713 0.6329657407 -0.0005)
    (-0.1209124098 0.6328758666 0.0005)
    (-0.1209124098 0.6328758666 -0.0005)
    (-0.1218021087 0.6327856005 0.0005)
    (-0.1218021087 0.6327856005 -0.0005)
    (-0.122691815 0.6326954086 0.0005)
    (-0.122691815 0.6326954086 -0.0005)
    (-0.1235815871 0.6326058706 0.0005)
    (-0.1235815871 0.6326058706 -0.0005)
    (-0.1244714075 0.6325168106 0.0005)
    (-0.1244714075 0.6325168106 -0.0005)
    (-0.125361228 0.6324277506 0.0005)
    (-0.125361228 0.6324277506 -0.0005)
    (-0.1262510486 0.6323386906 0.0005)
    (-0.1262510486 0.6323386906 -0.0005)
    (-0.1271406645 0.6322476456 0.0005)
    (-0.1271406645 0.6322476456 -0.0005)
    (-0.1280300096 0.6321539737 0.0005)
    (-0.1280300096 0.6321539737 -0.0005)
    (-0.1289192886 0.6320596599 0.0005)
    (-0.1289192886 0.6320596599 -0.0005)
    (-0.1298086922 0.6319665381 0.0005)
    (-0.1298086922 0.6319665381 -0.0005)
    (-0.1306982276 0.6318746774 0.0005)
    (-0.1306982276 0.6318746774 -0.0005)
    (-0.1315877447 0.6317826368 0.0005)
    (-0.1315877447 0.6317826368 -0.0005)
    (-0.1324772079 0.6316900772 0.0005)
    (-0.1324772079 0.6316900772 -0.0005)
    (-0.1333666262 0.6315970873 0.0005)
    (-0.1333666262 0.6315970873 -0.0005)
    (-0.1342559919 0.6315035962 0.0005)
    (-0.1342559919 0.6315035962 -0.0005)
    (-0.1351453137 0.6314096873 0.0005)
    (-0.1351453137 0.6314096873 -0.0005)
    (-0.1360345842 0.6313152953 0.0005)
    (-0.1360345842 0.6313152953 -0.0005)
    (-0.1369238118 0.6312204975 0.0005)
    (-0.1369238118 0.6312204975 -0.0005)
    (-0.1377821686 0.6311285678 0.0005)
    (-0.1377821686 0.6311285678 -0.0005)
    (-0.1386096546 0.6310395061 0.0005)
    (-0.1386096546 0.6310395061 -0.0005)
    (-0.1394371055 0.6309501182 0.0005)
    (-0.1394371055 0.6309501182 -0.0005)
    (-0.1402645144 0.630860342 0.0005)
    (-0.1402645144 0.630860342 -0.0005)
    (-0.1410918889 0.6307702494 0.0005)
    (-0.1410918889 0.6307702494 -0.0005)
    (-0.1419192226 0.630679783 0.0005)
    (-0.1419192226 0.630679783 -0.0005)
    (-0.1427465227 0.63058901 0.0005)
    (-0.1427465227 0.63058901 -0.0005)
    (-0.1435737832 0.6304978777 0.0005)
    (-0.1435737832 0.6304978777 -0.0005)
    (-0.144401011 0.6304064487 0.0005)
    (-0.144401011 0.6304064487 -0.0005)
    (-0.1452282007 0.6303146748 0.0005)
    (-0.1452282007 0.6303146748 -0.0005)
    (-0.1460553585 0.6302226141 0.0005)
    (-0.1460553585 0.6302226141 -0.0005)
    (-0.1468824794 0.6301302228 0.0005)
    (-0.1468824794 0.6301302228 -0.0005)
    (-0.1477095694 0.6300375544 0.0005)
    (-0.1477095694 0.6300375544 -0.0005)
    (-0.1485366239 0.6299445701 0.0005)
    (-0.1485366239 0.6299445701 -0.0005)
    (-0.1493636442 0.6298512824 0.0005)
    (-0.1493636442 0.6298512824 -0.0005)
    (-0.1501907273 0.6297585543 0.0005)
    (-0.1501907273 0.6297585543 -0.0005)
    (-0.1510178816 0.6296664622 0.0005)
    (-0.1510178816 0.6296664622 -0.0005)
    (-0.1518450444 0.6295744464 0.0005)
    (-0.1518450444 0.6295744464 -0.0005)
    (-0.1526721765 0.6294821587 0.0005)
    (-0.1526721765 0.6294821587 -0.0005)
    (-0.1534991179 0.6293881883 0.0005)
    (-0.1534991179 0.6293881883 -0.0005)
    (-0.1543258993 0.6292928069 0.0005)
    (-0.1543258993 0.6292928069 -0.0005)
    (-0.1551526809 0.6291974255 0.0005)
    (-0.1551526809 0.6291974255 -0.0005)
    (-0.1559794703 0.6291021131 0.0005)
    (-0.1559794703 0.6291021131 -0.0005)
    (-0.1568063313 0.6290074263 0.0005)
    (-0.1568063313 0.6290074263 -0.0005)
    (-0.1576332384 0.6289131394 0.0005)
    (-0.1576332384 0.6289131394 -0.0005)
    (-0.1584601247 0.6288186709 0.0005)
    (-0.1584601247 0.6288186709 -0.0005)
    (-0.1592869755 0.6287238932 0.0005)
    (-0.1592869755 0.6287238932 -0.0005)
    (-0.1601137938 0.628628831 0.0005)
    (-0.1601137938 0.628628831 -0.0005)
    (-0.1609405781 0.6285334746 0.0005)
    (-0.1609405781 0.6285334746 -0.0005)
    (-0.1617673256 0.6284377986 0.0005)
    (-0.1617673256 0.6284377986 -0.0005)
    (-0.1625940409 0.6283418461 0.0005)
    (-0.1625940409 0.6283418461 -0.0005)
    (-0.1634207179 0.6282455636 0.0005)
    (-0.1634207179 0.6282455636 -0.0005)
    (-0.1642473618 0.6281489976 0.0005)
    (-0.1642473618 0.6281489976 -0.0005)
    (-0.1650739659 0.6280520911 0.0005)
    (-0.1650739659 0.6280520911 -0.0005)
    (-0.1659005359 0.627954894 0.0005)
    (-0.1659005359 0.627954894 -0.0005)
    (-0.1667270645 0.627857346 0.0005)
    (-0.1667270645 0.627857346 -0.0005)
    (-0.1675535579 0.6277595003 0.0005)
    (-0.1675535579 0.6277595003 -0.0005)
    (-0.1683800086 0.6276612933 0.0005)
    (-0.1683800086 0.6276612933 -0.0005)
    (-0.1692064229 0.6275627817 0.0005)
    (-0.1692064229 0.6275627817 -0.0005)
    (-0.1700327928 0.6274638985 0.0005)
    (-0.1700327928 0.6274638985 -0.0005)
    (-0.1708591236 0.6273646881 0.0005)
    (-0.1708591236 0.6273646881 -0.0005)
    (-0.1716854102 0.6272651111 0.0005)
    (-0.1716854102 0.6272651111 -0.0005)
    (-0.1725116508 0.6271651521 0.0005)
    (-0.1725116508 0.6271651521 -0.0005)
    (-0.1733378513 0.6270648638 0.0005)
    (-0.1733378513 0.6270648638 -0.0005)
    (-0.1741640042 0.6269641833 0.0005)
    (-0.1741640042 0.6269641833 -0.0005)
    (-0.1749901161 0.6268631665 0.0005)
    (-0.1749901161 0.6268631665 -0.0005)
    (-0.1758161785 0.6267617471 0.0005)
    (-0.1758161785 0.6267617471 -0.0005)
    (-0.1766422065 0.6266600466 0.0005)
    (-0.1766422065 0.6266600466 -0.0005)
    (-0.1774681917 0.6265579995 0.0005)
    (-0.1774681917 0.6265579995 -0.0005)
    (-0.1782941468 0.6264557085 0.0005)
    (-0.1782941468 0.6264557085 -0.0005)
    (-0.1791200977 0.6263533839 0.0005)
    (-0.1791200977 0.6263533839 -0.0005)
    (-0.1799460486 0.6262510593 0.0005)
    (-0.1799460486 0.6262510593 -0.0005)
    (-0.1807719996 0.6261487346 0.0005)
    (-0.1807719996 0.6261487346 -0.0005)
    (-0.1815979505 0.62604641 0.0005)
    (-0.1815979505 0.62604641 -0.0005)
    (-0.1824239014 0.6259440854 0.0005)
    (-0.1824239014 0.6259440854 -0.0005)
    (-0.1832498507 0.6258417474 0.0005)
    (-0.1832498507 0.6258417474 -0.0005)
    (-0.1840757682 0.625739154 0.0005)
    (-0.1840757682 0.625739154 -0.0005)
    (-0.1849016508 0.6256362786 0.0005)
    (-0.1849016508 0.6256362786 -0.0005)
    (-0.1857274938 0.6255330872 0.0005)
    (-0.1857274938 0.6255330872 -0.0005)
    (-0.186553286 0.6254294898 0.0005)
    (-0.186553286 0.6254294898 -0.0005)
    (-0.1873790358 0.6253255561 0.0005)
    (-0.1873790358 0.6253255561 -0.0005)
    (-0.1882047357 0.6252212258 0.0005)
    (-0.1882047357 0.6252212258 -0.0005)
    (-0.1890303939 0.6251165657 0.0005)
    (-0.1890303939 0.6251165657 -0.0005)
    (-0.1898560029 0.6250115182 0.0005)
    (-0.1898560029 0.6250115182 -0.0005)
    (-0.1906815706 0.624906147 0.0005)
    (-0.1906815706 0.624906147 -0.0005)
    (-0.19150709 0.6248003979 0.0005)
    (-0.19150709 0.6248003979 -0.0005)
    (-0.1923325688 0.6246943315 0.0005)
    (-0.1923325688 0.6246943315 -0.0005)
    (-0.1931580001 0.6245878964 0.0005)
    (-0.1931580001 0.6245878964 -0.0005)
    (-0.1939833856 0.6244811072 0.0005)
    (-0.1939833856 0.6244811072 -0.0005)
    (-0.1948087301 0.6243740016 0.0005)
    (-0.1948087301 0.6243740016 -0.0005)
    (-0.1956340279 0.6242665364 0.0005)
    (-0.1956340279 0.6242665364 -0.0005)
    (-0.1964592872 0.624158776 0.0005)
    (-0.1964592872 0.624158776 -0.0005)
    (-0.1972845006 0.6240506653 0.0005)
    (-0.1972845006 0.6240506653 -0.0005)
    (-0.1981096762 0.6239422655 0.0005)
    (-0.1981096762 0.6239422655 -0.0005)
    (-0.1989348068 0.6238335248 0.0005)
    (-0.1989348068 0.6238335248 -0.0005)
    (-0.1997599002 0.6237245014 0.0005)
    (-0.1997599002 0.6237245014 -0.0005)
    (-0.2005849497 0.6236151462 0.0005)
    (-0.2005849497 0.6236151462 -0.0005)
    (-0.2014099626 0.6235055146 0.0005)
    (-0.2014099626 0.6235055146 -0.0005)
    (-0.2022349324 0.6233955605 0.0005)
    (-0.2022349324 0.6233955605 -0.0005)
    (-0.2030598671 0.6232853427 0.0005)
    (-0.2030598671 0.6232853427 -0.0005)
    (-0.2038847708 0.6231748933 0.0005)
    (-0.2038847708 0.6231748933 -0.0005)
    (-0.2047096464 0.6230642339 0.0005)
    (-0.2047096464 0.6230642339 -0.0005)
    (-0.2055345224 0.6229535776 0.0005)
    (-0.2055345224 0.6229535776 -0.0005)
    (-0.2063593984 0.6228429213 0.0005)
    (-0.2063593984 0.6228429213 -0.0005)
    (-0.2071842745 0.6227322651 0.0005)
    (-0.2071842745 0.6227322651 -0.0005)
    (-0.2080091505 0.6226216088 0.0005)
    (-0.2080091505 0.6226216088 -0.0005)
    (-0.2088340265 0.6225109524 0.0005)
    (-0.2088340265 0.6225109524 -0.0005)
    (-0.2096588868 0.6224001793 0.0005)
    (-0.2096588868 0.6224001793 -0.0005)
    (-0.2104837088 0.6222891218 0.0005)
    (-0.2104837088 0.6222891218 -0.0005)
    (-0.2113084902 0.6221777618 0.0005)
    (-0.2113084902 0.6221777618 -0.0005)
    (-0.2121332414 0.622066179 0.0005)
    (-0.2121332414 0.622066179 -0.0005)
    (-0.21295795 0.6219542824 0.0005)
    (-0.21295795 0.6219542824 -0.0005)
    (-0.2137826228 0.6218421217 0.0005)
    (-0.2137826228 0.6218421217 -0.0005)
    (-0.2146072524 0.621729644 0.0005)
    (-0.2146072524 0.621729644 -0.0005)
    (-0.2154318439 0.6216168873 0.0005)
    (-0.2154318439 0.6216168873 -0.0005)
    (-0.2162563932 0.6215038232 0.0005)
    (-0.2162563932 0.6215038232 -0.0005)
    (-0.2170808987 0.6213904388 0.0005)
    (-0.2170808987 0.6213904388 -0.0005)
    (-0.2179053667 0.6212767829 0.0005)
    (-0.2179053667 0.6212767829 -0.0005)
    (-0.2187297901 0.6211628036 0.0005)
    (-0.2187297901 0.6211628036 -0.0005)
    (-0.2195541755 0.6210485505 0.0005)
    (-0.2195541755 0.6210485505 -0.0005)
    (-0.2203785158 0.6209339709 0.0005)
    (-0.2203785158 0.6209339709 -0.0005)
    (-0.2212028176 0.6208191155 0.0005)
    (-0.2212028176 0.6208191155 -0.0005)
    (-0.2220270733 0.6207039302 0.0005)
    (-0.2220270733 0.6207039302 -0.0005)
    (-0.2228512902 0.620588467 0.0005)
    (-0.2228512902 0.620588467 -0.0005)
    (-0.2236754603 0.6204726708 0.0005)
    (-0.2236754603 0.6204726708 -0.0005)
    (-0.224499591 0.6203565944 0.0005)
    (-0.224499591 0.6203565944 -0.0005)
    (-0.2253236743 0.6202401819 0.0005)
    (-0.2253236743 0.6202401819 -0.0005)
    (-0.2261477178 0.6201234871 0.0005)
    (-0.2261477178 0.6201234871 -0.0005)
    (-0.2269942951 0.6200032261 0.0005)
    (-0.2269942951 0.6200032261 -0.0005)
    (-0.2278634063 0.6198793988 0.0005)
    (-0.2278634063 0.6198793988 -0.0005)
    (-0.2287325489 0.6197557927 0.0005)
    (-0.2287325489 0.6197557927 -0.0005)
    (-0.2296017289 0.6196324498 0.0005)
    (-0.2296017289 0.6196324498 -0.0005)
    (-0.2304709149 0.619509149 0.0005)
    (-0.2304709149 0.619509149 -0.0005)
    (-0.231340098 0.6193858273 0.0005)
    (-0.231340098 0.6193858273 -0.0005)
    (-0.2322090655 0.619261005 0.0005)
    (-0.2322090655 0.619261005 -0.0005)
    (-0.2330778205 0.6191347031 0.0005)
    (-0.2330778205 0.6191347031 -0.0005)
    (-0.2339465755 0.6190084013 0.0005)
    (-0.2339465755 0.6190084013 -0.0005)
    (-0.2348153305 0.6188820994 0.0005)
    (-0.2348153305 0.6188820994 -0.0005)
    (-0.2356841561 0.6187562858 0.0005)
    (-0.2356841561 0.6187562858 -0.0005)
    (-0.2365530407 0.6186308787 0.0005)
    (-0.2365530407 0.6186308787 -0.0005)
    (-0.2374219113 0.6185053742 0.0005)
    (-0.2374219113 0.6185053742 -0.0005)
    (-0.2382907255 0.6183794807 0.0005)
    (-0.2382907255 0.6183794807 -0.0005)
    (-0.2391594855 0.6182532139 0.0005)
    (-0.2391594855 0.6182532139 -0.0005)
    (-0.2400281954 0.6181266019 0.0005)
    (-0.2400281954 0.6181266019 -0.0005)
    (-0.2408968479 0.6179995976 0.0005)
    (-0.2408968479 0.6179995976 -0.0005)
    (-0.2417654518 0.6178722612 0.0005)
    (-0.2417654518 0.6178722612 -0.0005)
    (-0.2426339976 0.617744529 0.0005)
    (-0.2426339976 0.617744529 -0.0005)
    (-0.2435024942 0.6176164625 0.0005)
    (-0.2435024942 0.6176164625 -0.0005)
    (-0.2443709318 0.6174879967 0.0005)
    (-0.2443709318 0.6174879967 -0.0005)
    (-0.2452393196 0.6173591943 0.0005)
    (-0.2452393196 0.6173591943 -0.0005)
    (-0.2461076475 0.6172299892 0.0005)
    (-0.2461076475 0.6172299892 -0.0005)
    (-0.2469759249 0.6171004451 0.0005)
    (-0.2469759249 0.6171004451 -0.0005)
    (-0.2478441415 0.6169704949 0.0005)
    (-0.2478441415 0.6169704949 -0.0005)
    (-0.2487123071 0.6168402034 0.0005)
    (-0.2487123071 0.6168402034 -0.0005)
    (-0.2495804112 0.6167095023 0.0005)
    (-0.2495804112 0.6167095023 -0.0005)
    (-0.2504484585 0.6165784246 0.0005)
    (-0.2504484585 0.6165784246 -0.0005)
    (-0.2513164481 0.6164469671 0.0005)
    (-0.2513164481 0.6164469671 -0.0005)
    (-0.2521843753 0.6163150966 0.0005)
    (-0.2521843753 0.6163150966 -0.0005)
    (-0.2530522492 0.6161828768 0.0005)
    (-0.2530522492 0.6161828768 -0.0005)
    (-0.2539200597 0.6160502406 0.0005)
    (-0.2539200597 0.6160502406 -0.0005)
    (-0.2547878277 0.6159173267 0.0005)
    (-0.2547878277 0.6159173267 -0.0005)
    (-0.2556555582 0.615784168 0.0005)
    (-0.2556555582 0.615784168 -0.0005)
    (-0.256523284 0.6156509786 0.0005)
    (-0.256523284 0.6156509786 -0.0005)
    (-0.2573910152 0.6155178252 0.0005)
    (-0.2573910152 0.6155178252 -0.0005)
    (-0.2582587465 0.615384672 0.0005)
    (-0.2582587465 0.615384672 -0.0005)
    (-0.2591264778 0.6152515187 0.0005)
    (-0.2591264778 0.6152515187 -0.0005)
    (-0.2599942092 0.6151183654 0.0005)
    (-0.2599942092 0.6151183654 -0.0005)
    (-0.2608618639 0.6149847159 0.0005)
    (-0.2608618639 0.6149847159 -0.0005)
    (-0.2617294083 0.6148503513 0.0005)
    (-0.2617294083 0.6148503513 -0.0005)
    (-0.2625969261 0.6147158139 0.0005)
    (-0.2625969261 0.6147158139 -0.0005)
    (-0.2634644513 0.6145813244 0.0005)
    (-0.2634644513 0.6145813244 -0.0005)
    (-0.2643319263 0.6144465114 0.0005)
    (-0.2643319263 0.6144465114 -0.0005)
    (-0.265199338 0.6143112918 0.0005)
    (-0.265199338 0.6143112918 -0.0005)
    (-0.2660666972 0.6141757364 0.0005)
    (-0.2660666972 0.6141757364 -0.0005)
    (-0.2669339942 0.6140397833 0.0005)
    (-0.2669339942 0.6140397833 -0.0005)
    (-0.2678012395 0.6139035005 0.0005)
    (-0.2678012395 0.6139035005 -0.0005)
    (-0.2686684235 0.6137668289 0.0005)
    (-0.2686684235 0.6137668289 -0.0005)
    (-0.2695355565 0.6136298336 0.0005)
    (-0.2695355565 0.6136298336 -0.0005)
    (-0.2704026294 0.6134924586 0.0005)
    (-0.2704026294 0.6134924586 -0.0005)
    (-0.271269652 0.6133547659 0.0005)
    (-0.271269652 0.6133547659 -0.0005)
    (-0.2721366155 0.6132167023 0.0005)
    (-0.2721366155 0.6132167023 -0.0005)
    (-0.2730035294 0.6130783271 0.0005)
    (-0.2730035294 0.6130783271 -0.0005)
    (-0.2738703854 0.6129395899 0.0005)
    (-0.2738703854 0.6129395899 -0.0005)
    (-0.2747371834 0.6128004907 0.0005)
    (-0.2747371834 0.6128004907 -0.0005)
    (-0.2756039338 0.6126610949 0.0005)
    (-0.2756039338 0.6126610949 -0.0005)
    (-0.2764706273 0.612521346 0.0005)
    (-0.2764706273 0.612521346 -0.0005)
    (-0.2773372739 0.6123813065 0.0005)
    (-0.2773372739 0.6123813065 -0.0005)
    (-0.2782038648 0.6122409227 0.0005)
    (-0.2782038648 0.6122409227 -0.0005)
    (-0.2790704112 0.6121002648 0.0005)
    (-0.2790704112 0.6121002648 -0.0005)
    (-0.2799369063 0.6119592913 0.0005)
    (-0.2799369063 0.6119592913 -0.0005)
    (-0.2808034389 0.6118185494 0.0005)
    (-0.2808034389 0.6118185494 -0.0005)
    (-0.281670085 0.6116785083 0.0005)
    (-0.281670085 0.6116785083 -0.0005)
    (-0.2825367827 0.6115387852 0.0005)
    (-0.2825367827 0.6115387852 -0.0005)
    (-0.2834033391 0.6113981958 0.0005)
    (-0.2834033391 0.6113981958 -0.0005)
    (-0.2842696237 0.6112559415 0.0005)
    (-0.2842696237 0.6112559415 -0.0005)
    (-0.285135778 0.6111128885 0.0005)
    (-0.285135778 0.6111128885 -0.0005)
    (-0.2860019323 0.6109698355 0.0005)
    (-0.2860019323 0.6109698355 -0.0005)
    (-0.2868681573 0.6108272127 0.0005)
    (-0.2868681573 0.6108272127 -0.0005)
    (-0.2877344629 0.6106850788 0.0005)
    (-0.2877344629 0.6106850788 -0.0005)
    (-0.2886007369 0.610542752 0.0005)
    (-0.2886007369 0.610542752 -0.0005)
    (-0.2894669533 0.6104000758 0.0005)
    (-0.2894669533 0.6104000758 -0.0005)
    (-0.2903331198 0.6102570974 0.0005)
    (-0.2903331198 0.6102570974 -0.0005)
    (-0.2911992261 0.610113754 0.0005)
    (-0.2911992261 0.610113754 -0.0005)
    (-0.2920652805 0.6099700977 0.0005)
    (-0.2920652805 0.6099700977 -0.0005)
    (-0.2929312716 0.6098260609 0.0005)
    (-0.2929312716 0.6098260609 -0.0005)
    (-0.2937972089 0.6096817006 0.0005)
    (-0.2937972089 0.6096817006 -0.0005)
    (-0.2946630801 0.6095369443 0.0005)
    (-0.2946630801 0.6095369443 -0.0005)
    (-0.2955288954 0.609391854 0.0005)
    (-0.2955288954 0.609391854 -0.0005)
    (-0.2963946416 0.609246352 0.0005)
    (-0.2963946416 0.609246352 -0.0005)
    (-0.2972603242 0.6091004714 0.0005)
    (-0.2972603242 0.6091004714 -0.0005)
    (-0.2981259402 0.6089541978 0.0005)
    (-0.2981259402 0.6089541978 -0.0005)
    (-0.2989914842 0.608807497 0.0005)
    (-0.2989914842 0.608807497 -0.0005)
    (-0.2998569651 0.6086604257 0.0005)
    (-0.2998569651 0.6086604257 -0.0005)
    (-0.3007223708 0.6085129117 0.0005)
    (-0.3007223708 0.6085129117 -0.0005)
    (-0.3015877115 0.6083650168 0.0005)
    (-0.3015877115 0.6083650168 -0.0005)
    (-0.3024529737 0.6082166638 0.0005)
    (-0.3024529737 0.6082166638 -0.0005)
    (-0.3033181711 0.6080679335 0.0005)
    (-0.3033181711 0.6080679335 -0.0005)
    (-0.3041832926 0.6079187622 0.0005)
    (-0.3041832926 0.6079187622 -0.0005)
    (-0.3050485082 0.6077701439 0.0005)
    (-0.3050485082 0.6077701439 -0.0005)
    (-0.305913835 0.6076221799 0.0005)
    (-0.305913835 0.6076221799 -0.0005)
    (-0.3067789178 0.6074727979 0.0005)
    (-0.3067789178 0.6074727979 -0.0005)
    (-0.3076437824 0.6073221435 0.0005)
    (-0.3076437824 0.6073221435 -0.0005)
    (-0.3085086469 0.6071714891 0.0005)
    (-0.3085086469 0.6071714891 -0.0005)
    (-0.3093735115 0.6070208347 0.0005)
    (-0.3093735115 0.6070208347 -0.0005)
    (-0.310238376 0.6068701803 0.0005)
    (-0.310238376 0.6068701803 -0.0005)
    (-0.3111032578 0.6067196254 0.0005)
    (-0.3111032578 0.6067196254 -0.0005)
    (-0.3119681647 0.606569214 0.0005)
    (-0.3119681647 0.606569214 -0.0005)
    (-0.3128330271 0.606418548 0.0005)
    (-0.3128330271 0.606418548 -0.0005)
    (-0.3136978081 0.6062674154 0.0005)
    (-0.3136978081 0.6062674154 -0.0005)
    (-0.3145625203 0.6061158892 0.0005)
    (-0.3145625203 0.6061158892 -0.0005)
    (-0.31542715 0.6059638934 0.0005)
    (-0.31542715 0.6059638934 -0.0005)
    (-0.3162917108 0.6058115057 0.0005)
    (-0.3162917108 0.6058115057 -0.0005)
    (-0.3171561902 0.6056586574 0.0005)
    (-0.3171561902 0.6056586574 -0.0005)
    (-0.3180206014 0.6055054236 0.0005)
    (-0.3180206014 0.6055054236 -0.0005)
    (-0.3188849323 0.605351738 0.0005)
    (-0.3188849323 0.605351738 -0.0005)
    (-0.3197491959 0.605197673 0.0005)
    (-0.3197491959 0.605197673 -0.0005)
    (-0.3206214328 0.605041717 0.0005)
    (-0.3206214328 0.605041717 -0.0005)
    (-0.3215016432 0.60488387 0.0005)
    (-0.3215016432 0.60488387 -0.0005)
    (-0.3223817857 0.6047256451 0.0005)
    (-0.3223817857 0.6047256451 -0.0005)
    (-0.3232618473 0.6045669703 0.0005)
    (-0.3232618473 0.6045669703 -0.0005)
    (-0.3241418418 0.6044079241 0.0005)
    (-0.3241418418 0.6044079241 -0.0005)
    (-0.3250217565 0.6042484375 0.0005)
    (-0.3250217565 0.6042484375 -0.0005)
    (-0.325901605 0.6040885859 0.0005)
    (-0.325901605 0.6040885859 -0.0005)
    (-0.3267813751 0.6039283033 0.0005)
    (-0.3267813751 0.6039283033 -0.0005)
    (-0.32766108 0.6037676628 0.0005)
    (-0.32766108 0.6037676628 -0.0005)
    (-0.3285407081 0.603606603 0.0005)
    (-0.3285407081 0.603606603 -0.0005)
    (-0.3294202802 0.6034452372 0.0005)
    (-0.3294202802 0.6034452372 -0.0005)
    (-0.3302998241 0.6032837169 0.0005)
    (-0.3302998241 0.6032837169 -0.0005)
    (-0.3311793463 0.6031220795 0.0005)
    (-0.3311793463 0.6031220795 -0.0005)
    (-0.3320588685 0.6029604422 0.0005)
    (-0.3320588685 0.6029604422 -0.0005)
    (-0.3329383908 0.6027988048 0.0005)
    (-0.3329383908 0.6027988048 -0.0005)
    (-0.3338179131 0.6026371674 0.0005)
    (-0.3338179131 0.6026371674 -0.0005)
    (-0.3346974343 0.602475524 0.0005)
    (-0.3346974343 0.602475524 -0.0005)
    (-0.3355769045 0.6023136035 0.0005)
    (-0.3355769045 0.6023136035 -0.0005)
    (-0.3364563124 0.602151345 0.0005)
    (-0.3364563124 0.602151345 -0.0005)
    (-0.3373356647 0.6019887862 0.0005)
    (-0.3373356647 0.6019887862 -0.0005)
    (-0.33821494 0.6018258108 0.0005)
    (-0.33821494 0.6018258108 -0.0005)
    (-0.33909415 0.6016624838 0.0005)
    (-0.33909415 0.6016624838 -0.0005)
    (-0.3399732817 0.6014987359 0.0005)
    (-0.3399732817 0.6014987359 -0.0005)
    (-0.3408523474 0.6013346336 0.0005)
    (-0.3408523474 0.6013346336 -0.0005)
    (-0.3417313336 0.6011701063 0.0005)
    (-0.3417313336 0.6011701063 -0.0005)
    (-0.3426102528 0.6010052216 0.0005)
    (-0.3426102528 0.6010052216 -0.0005)
    (-0.3434890914 0.6008399076 0.0005)
    (-0.3434890914 0.6008399076 -0.0005)
    (-0.3443678556 0.6006741989 0.0005)
    (-0.3443678556 0.6006741989 -0.0005)
    (-0.3452465446 0.6005080914 0.0005)
    (-0.3452465446 0.6005080914 -0.0005)
    (-0.3461251516 0.6003415507 0.0005)
    (-0.3461251516 0.6003415507 -0.0005)
    (-0.3470036888 0.6001746426 0.0005)
    (-0.3470036888 0.6001746426 -0.0005)
    (-0.3478821428 0.6000072972 0.0005)
    (-0.3478821428 0.6000072972 -0.0005)
    (-0.3487605262 0.5998395816 0.0005)
    (-0.3487605262 0.5998395816 -0.0005)
    (-0.3496388252 0.5996714243 0.0005)
    (-0.3496388252 0.5996714243 -0.0005)
    (-0.3505170527 0.5995028943 0.0005)
    (-0.3505170527 0.5995028943 -0.0005)
    (-0.3513951945 0.5993339184 0.0005)
    (-0.3513951945 0.5993339184 -0.0005)
    (-0.3522733059 0.5991647842 0.0005)
    (-0.3522733059 0.5991647842 -0.0005)
    (-0.35315148 0.5989959757 0.0005)
    (-0.35315148 0.5989959757 -0.0005)
    (-0.3540296993 0.598827402 0.0005)
    (-0.3540296993 0.598827402 -0.0005)
    (-0.3549079185 0.5986588284 0.0005)
    (-0.3549079185 0.5986588284 -0.0005)
    (-0.3557861357 0.5984902444 0.0005)
    (-0.3557861357 0.5984902444 -0.0005)
    (-0.3566639862 0.5983197716 0.0005)
    (-0.3566639862 0.5983197716 -0.0005)
    (-0.3575414718 0.59814742 0.0005)
    (-0.3575414718 0.59814742 -0.0005)
    (-0.3584189759 0.5979751629 0.0005)
    (-0.3584189759 0.5979751629 -0.0005)
    (-0.3592966651 0.5978038538 0.0005)
    (-0.3592966651 0.5978038538 -0.0005)
    (-0.3601744745 0.5976331593 0.0005)
    (-0.3601744745 0.5976331593 -0.0005)
    (-0.3610522112 0.5974620918 0.0005)
    (-0.3610522112 0.5974620918 -0.0005)
    (-0.3619298792 0.5972906716 0.0005)
    (-0.3619298792 0.5972906716 -0.0005)
    (-0.3628074583 0.5971187965 0.0005)
    (-0.3628074583 0.5971187965 -0.0005)
    (-0.3636849622 0.5969465387 0.0005)
    (-0.3636849622 0.5969465387 -0.0005)
    (-0.3645623763 0.5967738243 0.0005)
    (-0.3645623763 0.5967738243 -0.0005)
    (-0.3654397149 0.596600726 0.0005)
    (-0.3654397149 0.596600726 -0.0005)
    (-0.3663169629 0.5964271692 0.0005)
    (-0.3663169629 0.5964271692 -0.0005)
    (-0.3671941347 0.5962532274 0.0005)
    (-0.3671941347 0.5962532274 -0.0005)
    (-0.3680712149 0.5960788255 0.0005)
    (-0.3680712149 0.5960788255 -0.0005)
    (-0.3689482037 0.5959039634 0.0005)
    (-0.3689482037 0.5959039634 -0.0005)
    (-0.369825115 0.5957287134 0.0005)
    (-0.369825115 0.5957287134 -0.0005)
    (-0.3707019338 0.5955530016 0.0005)
    (-0.3707019338 0.5955530016 -0.0005)
    (-0.3715786746 0.5953769007 0.0005)
    (-0.3715786746 0.5953769007 -0.0005)
    (-0.3724553221 0.5952003362 0.0005)
    (-0.3724553221 0.5952003362 -0.0005)
    (-0.373331891 0.5950233813 0.0005)
    (-0.373331891 0.5950233813 -0.0005)
    (-0.3742083658 0.5948459614 0.0005)
    (-0.3742083658 0.5948459614 -0.0005)
    (-0.3750847678 0.5946681821 0.0005)
    (-0.3750847678 0.5946681821 -0.0005)
    (-0.3759610924 0.5944900214 0.0005)
    (-0.3759610924 0.5944900214 -0.0005)
    (-0.3768373116 0.5943113431 0.0005)
    (-0.3768373116 0.5943113431 -0.0005)
    (-0.3777134745 0.5941323888 0.0005)
    (-0.3777134745 0.5941323888 -0.0005)
    (-0.3785896367 0.5939534309 0.0005)
    (-0.3785896367 0.5939534309 -0.0005)
    (-0.3794657989 0.593774473 0.0005)
    (-0.3794657989 0.593774473 -0.0005)
    (-0.3803419611 0.5935955151 0.0005)
    (-0.3803419611 0.5935955151 -0.0005)
    (-0.3812181232 0.5934165572 0.0005)
    (-0.3812181232 0.5934165572 -0.0005)
    (-0.3820942885 0.5932376146 0.0005)
    (-0.3820942885 0.5932376146 -0.0005)
    (-0.3829704151 0.5930584831 0.0005)
    (-0.3829704151 0.5930584831 -0.0005)
    (-0.383846482 0.5928790592 0.0005)
    (-0.383846482 0.5928790592 -0.0005)
    (-0.3847224739 0.5926992701 0.0005)
    (-0.3847224739 0.5926992701 -0.0005)
    (-0.3855983641 0.5925189861 0.0005)
    (-0.3855983641 0.5925189861 -0.0005)
    (-0.386474167 0.5923382784 0.0005)
    (-0.386474167 0.5923382784 -0.0005)
    (-0.3873498633 0.5921570557 0.0005)
    (-0.3873498633 0.5921570557 -0.0005)
    (-0.3882254692 0.5919753957 0.0005)
    (-0.3882254692 0.5919753957 -0.0005)
    (-0.3891009637 0.5917932004 0.0005)
    (-0.3891009637 0.5917932004 -0.0005)
    (-0.3899763644 0.5916105541 0.0005)
    (-0.3899763644 0.5916105541 -0.0005)
    (-0.3908516489 0.5914273526 0.0005)
    (-0.3908516489 0.5914273526 -0.0005)
    (-0.3917268265 0.5912436402 0.0005)
    (-0.3917268265 0.5912436402 -0.0005)
    (-0.3926018927 0.5910593987 0.0005)
    (-0.3926018927 0.5910593987 -0.0005)
    (-0.3934768377 0.5908745819 0.0005)
    (-0.3934768377 0.5908745819 -0.0005)
    (-0.3943516771 0.5906892669 0.0005)
    (-0.3943516771 0.5906892669 -0.0005)
    (-0.3952263904 0.5905033566 0.0005)
    (-0.3952263904 0.5905033566 -0.0005)
    (-0.3961009946 0.5903169346 0.0005)
    (-0.3961009946 0.5903169346 -0.0005)
    (-0.3969754676 0.5901298974 0.0005)
    (-0.3969754676 0.5901298974 -0.0005)
    (-0.3978498381 0.589942382 0.0005)
    (-0.3978498381 0.589942382 -0.0005)
    (-0.3987240954 0.5897543388 0.0005)
    (-0.3987240954 0.5897543388 -0.0005)
    (-0.3995984238 0.5895666282 0.0005)
    (-0.3995984238 0.5895666282 -0.0005)
    (-0.4004729015 0.5893796129 0.0005)
    (-0.4004729015 0.5893796129 -0.0005)
    (-0.4013473936 0.5891926648 0.0005)
    (-0.4013473936 0.5891926648 -0.0005)
    (-0.4022218858 0.5890057168 0.0005)
    (-0.4022218858 0.5890057168 -0.0005)
    (-0.403096378 0.5888187688 0.0005)
    (-0.403096378 0.5888187688 -0.0005)
    (-0.4039703167 0.5886292691 0.0005)
    (-0.4039703167 0.5886292691 -0.0005)
    (-0.4048436926 0.5884371743 0.0005)
    (-0.4048436926 0.5884371743 -0.0005)
    (-0.4057170769 0.5882451178 0.0005)
    (-0.4057170769 0.5882451178 -0.0005)
    (-0.4065907656 0.5880544555 0.0005)
    (-0.4065907656 0.5880544555 -0.0005)
    (-0.4074646671 0.5878647663 0.0005)
    (-0.4074646671 0.5878647663 -0.0005)
    (-0.4083384534 0.587674547 0.0005)
    (-0.4083384534 0.587674547 -0.0005)
    (-0.4092121321 0.5874838344 0.0005)
    (-0.4092121321 0.5874838344 -0.0005)
    (-0.4100856731 0.5872924919 0.0005)
    (-0.4100856731 0.5872924919 -0.0005)
    (-0.4109590988 0.5871006239 0.0005)
    (-0.4109590988 0.5871006239 -0.0005)
    (-0.4118323884 0.5869081373 0.0005)
    (-0.4118323884 0.5869081373 -0.0005)
    (-0.4127055638 0.5867151327 0.0005)
    (-0.4127055638 0.5867151327 -0.0005)
    (-0.4135786045 0.5865215207 0.0005)
    (-0.4135786045 0.5865215207 -0.0005)
    (-0.4144515322 0.5863273986 0.0005)
    (-0.4144515322 0.5863273986 -0.0005)
    (-0.4153885679 0.5861182499 0.0005)
    (-0.4153885679 0.5861182499 -0.0005)
    (-0.4163897117 0.5858940748 0.0005)
    (-0.4163897117 0.5858940748 -0.0005)
    (-0.4173907106 0.5856692546 0.0005)
    (-0.4173907106 0.5856692546 -0.0005)
    (-0.4183915369 0.5854436668 0.0005)
    (-0.4183915369 0.5854436668 -0.0005)
    (-0.4193922201 0.5852174453 0.0005)
    (-0.4193922201 0.5852174453 -0.0005)
    (-0.4203927333 0.5849904729 0.0005)
    (-0.4203927333 0.5849904729 -0.0005)
    (-0.4213932428 0.5847634838 0.0005)
    (-0.4213932428 0.5847634838 -0.0005)
    (-0.4223938498 0.5845369249 0.0005)
    (-0.4223938498 0.5845369249 -0.0005)
    (-0.4233942614 0.5843095091 0.0005)
    (-0.4233942614 0.5843095091 -0.0005)
    (-0.424394334 0.5840806049 0.0005)
    (-0.424394334 0.5840806049 -0.0005)
    (-0.4253943098 0.583851276 0.0005)
    (-0.4253943098 0.583851276 -0.0005)
    (-0.4263942856 0.583621947 0.0005)
    (-0.4263942856 0.583621947 -0.0005)
    (-0.4273942615 0.5833926181 0.0005)
    (-0.4273942615 0.5833926181 -0.0005)
    (-0.4283942407 0.5831633039 0.0005)
    (-0.4283942407 0.5831633039 -0.0005)
    (-0.429394244 0.5829340949 0.0005)
    (-0.429394244 0.5829340949 -0.0005)
    (-0.4303941533 0.5827044768 0.0005)
    (-0.4303941533 0.5827044768 -0.0005)
    (-0.4313939323 0.5824742914 0.0005)
    (-0.4313939323 0.5824742914 -0.0005)
    (-0.4323935677 0.5822434841 0.0005)
    (-0.4323935677 0.5822434841 -0.0005)
    (-0.4333930253 0.5820119074 0.0005)
    (-0.4333930253 0.5820119074 -0.0005)
    (-0.4343923291 0.581779669 0.0005)
    (-0.4343923291 0.581779669 -0.0005)
    (-0.4353914475 0.5815466336 0.0005)
    (-0.4353914475 0.5815466336 -0.0005)
    (-0.4363904069 0.5813129177 0.0005)
    (-0.4363904069 0.5813129177 -0.0005)
    (-0.4373891729 0.5810783771 0.0005)
    (-0.4373891729 0.5810783771 -0.0005)
    (-0.4383877746 0.5808431373 0.0005)
    (-0.4383877746 0.5808431373 -0.0005)
    (-0.439386175 0.5806070455 0.0005)
    (-0.439386175 0.5806070455 -0.0005)
    (-0.4403844057 0.5803702359 0.0005)
    (-0.4403844057 0.5803702359 -0.0005)
    (-0.4413824271 0.5801325468 0.0005)
    (-0.4413824271 0.5801325468 -0.0005)
    (-0.4423802557 0.5798940488 0.0005)
    (-0.4423802557 0.5798940488 -0.0005)
    (-0.4433779114 0.5796548292 0.0005)
    (-0.4433779114 0.5796548292 -0.0005)
    (-0.4443753461 0.5794146893 0.0005)
    (-0.4443753461 0.5794146893 -0.0005)
    (-0.4453726673 0.5791740777 0.0005)
    (-0.4453726673 0.5791740777 -0.0005)
    (-0.4463699225 0.578933193 0.0005)
    (-0.4463699225 0.578933193 -0.0005)
    (-0.4473671777 0.5786923083 0.0005)
    (-0.4473671777 0.5786923083 -0.0005)
    (-0.4483644329 0.5784514237 0.0005)
    (-0.4483644329 0.5784514237 -0.0005)
    (-0.4493616882 0.578210539 0.0005)
    (-0.4493616882 0.578210539 -0.0005)
    (-0.4503589434 0.5779696543 0.0005)
    (-0.4503589434 0.5779696543 -0.0005)
    (-0.4513561795 0.5777286904 0.0005)
    (-0.4513561795 0.5777286904 -0.0005)
    (-0.4523533117 0.5774872972 0.0005)
    (-0.4523533117 0.5774872972 -0.0005)
    (-0.4533503325 0.5772454445 0.0005)
    (-0.4533503325 0.5772454445 -0.0005)
    (-0.4543471314 0.5770026804 0.0005)
    (-0.4543471314 0.5770026804 -0.0005)
    (-0.4553437351 0.5767591141 0.0005)
    (-0.4553437351 0.5767591141 -0.0005)
    (-0.4563401188 0.576514651 0.0005)
    (-0.4563401188 0.576514651 -0.0005)
    (-0.4573362732 0.5762692536 0.0005)
    (-0.4573362732 0.5762692536 -0.0005)
    (-0.4583322327 0.5760230684 0.0005)
    (-0.4583322327 0.5760230684 -0.0005)
    (-0.4593279601 0.5757759452 0.0005)
    (-0.4593279601 0.5757759452 -0.0005)
    (-0.460323491 0.5755280317 0.0005)
    (-0.460323491 0.5755280317 -0.0005)
    (-0.4613187868 0.5752791764 0.0005)
    (-0.4613187868 0.5752791764 -0.0005)
    (-0.4623138841 0.5750295283 0.0005)
    (-0.4623138841 0.5750295283 -0.0005)
    (-0.4633087437 0.5747789348 0.0005)
    (-0.4633087437 0.5747789348 -0.0005)
    (-0.4643034064 0.5745275603 0.0005)
    (-0.4643034064 0.5745275603 -0.0005)
    (-0.46529784 0.5742752818 0.0005)
    (-0.46529784 0.5742752818 -0.0005)
    (-0.4662920711 0.5740222048 0.0005)
    (-0.4662920711 0.5740222048 -0.0005)
    (-0.467286168 0.5737686017 0.0005)
    (-0.467286168 0.5737686017 -0.0005)
    (-0.4682801776 0.5735146562 0.0005)
    (-0.4682801776 0.5735146562 -0.0005)
    (-0.4692741872 0.5732607108 0.0005)
    (-0.4692741872 0.5732607108 -0.0005)
    (-0.4702681968 0.5730067653 0.0005)
    (-0.4702681968 0.5730067653 -0.0005)
    (-0.4712622065 0.5727528198 0.0005)
    (-0.4712622065 0.5727528198 -0.0005)
    (-0.4722562161 0.5724988743 0.0005)
    (-0.4722562161 0.5724988743 -0.0005)
    (-0.4732502257 0.5722449289 0.0005)
    (-0.4732502257 0.5722449289 -0.0005)
    (-0.4742441725 0.5719907375 0.0005)
    (-0.4742441725 0.5719907375 -0.0005)
    (-0.4752379395 0.5717358456 0.0005)
    (-0.4752379395 0.5717358456 -0.0005)
    (-0.4762314932 0.5714801229 0.0005)
    (-0.4762314932 0.5714801229 -0.0005)
    (-0.4772248574 0.5712236653 0.0005)
    (-0.4772248574 0.5712236653 -0.0005)
    (-0.4782179636 0.5709662115 0.0005)
    (-0.4782179636 0.5709662115 -0.0005)
    (-0.4792108514 0.5707079156 0.0005)
    (-0.4792108514 0.5707079156 -0.0005)
    (-0.4802034725 0.5704485973 0.0005)
    (-0.4802034725 0.5704485973 -0.0005)
    (-0.4811958689 0.570188419 0.0005)
    (-0.4811958689 0.570188419 -0.0005)
    (-0.4821879893 0.5699271924 0.0005)
    (-0.4821879893 0.5699271924 -0.0005)
    (-0.4831798447 0.5696649591 0.0005)
    (-0.4831798447 0.5696649591 -0.0005)
    (-0.484171449 0.5694017803 0.0005)
    (-0.484171449 0.5694017803 -0.0005)
    (-0.485162768 0.5691375271 0.0005)
    (-0.485162768 0.5691375271 -0.0005)
    (-0.4861538441 0.5688723656 0.0005)
    (-0.4861538441 0.5688723656 -0.0005)
    (-0.4871446302 0.5686061219 0.0005)
    (-0.4871446302 0.5686061219 -0.0005)
    (-0.4881352315 0.5683391909 0.0005)
    (-0.4881352315 0.5683391909 -0.0005)
    (-0.4891256668 0.5680716447 0.0005)
    (-0.4891256668 0.5680716447 -0.0005)
    (-0.49011604 0.5678038677 0.0005)
    (-0.49011604 0.5678038677 -0.0005)
    (-0.4911064132 0.5675360909 0.0005)
    (-0.4911064132 0.5675360909 -0.0005)
    (-0.4920967863 0.5672683139 0.0005)
    (-0.4920967863 0.5672683139 -0.0005)
    (-0.4930871594 0.5670005369 0.0005)
    (-0.4930871594 0.5670005369 -0.0005)
    (-0.4940775326 0.56673276 0.0005)
    (-0.4940775326 0.56673276 -0.0005)
    (-0.4950679057 0.566464983 0.0005)
    (-0.4950679057 0.566464983 -0.0005)
    (-0.4960582524 0.5661971081 0.0005)
    (-0.4960582524 0.5661971081 -0.0005)
    (-0.4970483683 0.5659283831 0.0005)
    (-0.4970483683 0.5659283831 -0.0005)
    (-0.498038264 0.5656588466 0.0005)
    (-0.498038264 0.5656588466 -0.0005)
    (-0.4990279059 0.5653883825 0.0005)
    (-0.4990279059 0.5653883825 -0.0005)
    (-0.5000172355 0.5651167764 0.0005)
    (-0.5000172355 0.5651167764 -0.0005)
    (-0.5010062989 0.5648442036 0.0005)
    (-0.5010062989 0.5648442036 -0.0005)
    (-0.5019950437 0.5645704767 0.0005)
    (-0.5019950437 0.5645704767 -0.0005)
    (-0.5029835179 0.5642957751 0.0005)
    (-0.5029835179 0.5642957751 -0.0005)
    (-0.5039716673 0.5640199073 0.0005)
    (-0.5039716673 0.5640199073 -0.0005)
    (-0.504959542 0.5637430566 0.0005)
    (-0.504959542 0.5637430566 -0.0005)
    (-0.5059470855 0.5634650278 0.0005)
    (-0.5059470855 0.5634650278 -0.0005)
    (-0.5069343512 0.5631860128 0.0005)
    (-0.5069343512 0.5631860128 -0.0005)
    (-0.5079212906 0.5629058472 0.0005)
    (-0.5079212906 0.5629058472 -0.0005)
    (-0.5089079255 0.5626246092 0.0005)
    (-0.5089079255 0.5626246092 -0.0005)
    (-0.5098943888 0.5623427698 0.0005)
    (-0.5098943888 0.5623427698 -0.0005)
    (-0.5108806974 0.5620603895 0.0005)
    (-0.5108806974 0.5620603895 -0.0005)
    (-0.5118670061 0.5617780091 0.0005)
    (-0.5118670061 0.5617780091 -0.0005)
    (-0.5128533148 0.5614956287 0.0005)
    (-0.5128533148 0.5614956287 -0.0005)
    (-0.5138396235 0.5612132483 0.0005)
    (-0.5138396235 0.5612132483 -0.0005)
    (-0.5148259321 0.560930868 0.0005)
    (-0.5148259321 0.560930868 -0.0005)
    (-0.5158122407 0.5606484876 0.0005)
    (-0.5158122407 0.5606484876 -0.0005)
    (-0.5167985494 0.5603661073 0.0005)
    (-0.5167985494 0.5603661073 -0.0005)
    (-0.5177847583 0.5600833795 0.0005)
    (-0.5177847583 0.5600833795 -0.0005)
    (-0.5187707145 0.559799772 0.0005)
    (-0.5187707145 0.559799772 -0.0005)
    (-0.5197564605 0.5595154344 0.0005)
    (-0.5197564605 0.5595154344 -0.0005)
    (-0.5207418485 0.5592298608 0.0005)
    (-0.5207418485 0.5592298608 -0.0005)
    (-0.5217269359 0.5589432491 0.0005)
    (-0.5217269359 0.5589432491 -0.0005)
    (-0.5230525792 0.5585544095 0.0005)
    (-0.5230525792 0.5585544095 -0.0005)
    (-0.5247187782 0.558063342 0.0005)
    (-0.5247187782 0.558063342 -0.0005)
    (-0.5263840395 0.5575691187 0.0005)
    (-0.5263840395 0.5575691187 -0.0005)
    (-0.5280481843 0.5570711386 0.0005)
    (-0.5280481843 0.5570711386 -0.0005)
    (-0.5297116383 0.5565708573 0.0005)
    (-0.5297116383 0.5565708573 -0.0005)
    (-0.5313742533 0.5560677931 0.0005)
    (-0.5313742533 0.5560677931 -0.0005)
    (-0.5330365417 0.5555636463 0.0005)
    (-0.5330365417 0.5555636463 -0.0005)
    (-0.5346988301 0.5550594996 0.0005)
    (-0.5346988301 0.5550594996 -0.0005)
    (-0.5363611185 0.5545553529 0.0005)
    (-0.5363611185 0.5545553529 -0.0005)
    (-0.5380233997 0.5540511827 0.0005)
    (-0.5380233997 0.5540511827 -0.0005)
    (-0.5396853055 0.5535457803 0.0005)
    (-0.5396853055 0.5535457803 -0.0005)
    (-0.5413461516 0.5530369106 0.0005)
    (-0.5413461516 0.5530369106 -0.0005)
    (-0.5430062532 0.5525256105 0.0005)
    (-0.5430062532 0.5525256105 -0.0005)
    (-0.5446650249 0.5520100299 0.0005)
    (-0.5446650249 0.5520100299 -0.0005)
    (-0.5463225199 0.5514903411 0.0005)
    (-0.5463225199 0.5514903411 -0.0005)
    (-0.5479788426 0.5509669456 0.0005)
    (-0.5479788426 0.5509669456 -0.0005)
    (-0.5496338493 0.55043939 0.0005)
    (-0.5496338493 0.55043939 -0.0005)
    (-0.5512894762 0.5499137859 0.0005)
    (-0.5512894762 0.5499137859 -0.0005)
    (-0.5529458666 0.5493905868 0.0005)
    (-0.5529458666 0.5493905868 -0.0005)
    (-0.5546001809 0.5488609172 0.0005)
    (-0.5546001809 0.5488609172 -0.0005)
    (-0.5562520819 0.5483237268 0.0005)
    (-0.5562520819 0.5483237268 -0.0005)
    (-0.5579036457 0.5477854858 0.0005)
    (-0.5579036457 0.5477854858 -0.0005)
    (-0.5595552296 0.5472473063 0.0005)
    (-0.5595552296 0.5472473063 -0.0005)
    (-0.5612072082 0.5467103457 0.0005)
    (-0.5612072082 0.5467103457 -0.0005)
    (-0.5628587187 0.5461719519 0.0005)
    (-0.5628587187 0.5461719519 -0.0005)
    (-0.5645092447 0.5456305412 0.0005)
    (-0.5645092447 0.5456305412 -0.0005)
    (-0.5661580138 0.5450838273 0.0005)
    (-0.5661580138 0.5450838273 -0.0005)
    (-0.5678051671 0.544532236 0.0005)
    (-0.5678051671 0.544532236 -0.0005)
    (-0.5694508675 0.543976347 0.0005)
    (-0.5694508675 0.543976347 -0.0005)
    (-0.5710959009 0.5434184882 0.0005)
    (-0.5710959009 0.5434184882 -0.0005)
    (-0.5727401885 0.542858468 0.0005)
    (-0.5727401885 0.542858468 -0.0005)
    (-0.5743824327 0.542292452 0.0005)
    (-0.5743824327 0.542292452 -0.0005)
    (-0.5760241651 0.54172493 0.0005)
    (-0.5760241651 0.54172493 -0.0005)
    (-0.5776658975 0.541157408 0.0005)
    (-0.5776658975 0.541157408 -0.0005)
    (-0.57930763 0.5405898859 0.0005)
    (-0.57930763 0.5405898859 -0.0005)
    (-0.5809493624 0.5400223638 0.0005)
    (-0.5809493624 0.5400223638 -0.0005)
    (-0.5825909232 0.5394543489 0.0005)
    (-0.5825909232 0.5394543489 -0.0005)
    (-0.5842316543 0.5388839449 0.0005)
    (-0.5842316543 0.5388839449 -0.0005)
    (-0.5858714383 0.5383108276 0.0005)
    (-0.5858714383 0.5383108276 -0.0005)
    (-0.5875088256 0.537730932 0.0005)
    (-0.5875088256 0.537730932 -0.0005)
    (-0.5891441049 0.5371450752 0.0005)
    (-0.5891441049 0.5371450752 -0.0005)
    (-0.5907771982 0.53655319 0.0005)
    (-0.5907771982 0.53655319 -0.0005)
    (-0.5924089197 0.5359575221 0.0005)
    (-0.5924089197 0.5359575221 -0.0005)
    (-0.5940408179 0.5353623838 0.0005)
    (-0.5940408179 0.5353623838 -0.0005)
    (-0.5956702382 0.5347604971 0.0005)
    (-0.5956702382 0.5347604971 -0.0005)
    (-0.5972978181 0.5341535784 0.0005)
    (-0.5972978181 0.5341535784 -0.0005)
    (-0.5989253979 0.5335466597 0.0005)
    (-0.5989253979 0.5335466597 -0.0005)
    (-0.6005529779 0.5329397409 0.0005)
    (-0.6005529779 0.5329397409 -0.0005)
    (-0.6021805578 0.5323328221 0.0005)
    (-0.6021805578 0.5323328221 -0.0005)
    (-0.6038081376 0.5317259034 0.0005)
    (-0.6038081376 0.5317259034 -0.0005)
    (-0.6054357175 0.5311189846 0.0005)
    (-0.6054357175 0.5311189846 -0.0005)
    (-0.6070628986 0.5305110094 0.0005)
    (-0.6070628986 0.5305110094 -0.0005)
    (-0.6086875971 0.529896458 0.0005)
    (-0.6086875971 0.529896458 -0.0005)
    (-0.6103102096 0.5292763813 0.0005)
    (-0.6103102096 0.5292763813 -0.0005)
    (-0.6119296497 0.5286481271 0.0005)
    (-0.6119296497 0.5286481271 -0.0005)
    (-0.6135459197 0.5280117011 0.0005)
    (-0.6135459197 0.5280117011 -0.0005)
    (-0.6151605704 0.5273711989 0.0005)
    (-0.6151605704 0.5273711989 -0.0005)
    (-0.6167732517 0.52672574 0.0005)
    (-0.6167732517 0.52672574 -0.0005)
    (-0.6183855831 0.5260794008 0.0005)
    (-0.6183855831 0.5260794008 -0.0005)
    (-0.6199979144 0.5254330616 0.0005)
    (-0.6199979144 0.5254330616 -0.0005)
    (-0.6216102458 0.5247867224 0.0005)
    (-0.6216102458 0.5247867224 -0.0005)
    (-0.623222577 0.5241403831 0.0005)
    (-0.623222577 0.5241403831 -0.0005)
    (-0.6248349083 0.5234940439 0.0005)
    (-0.6248349083 0.5234940439 -0.0005)
    (-0.6264472397 0.5228477047 0.0005)
    (-0.6264472397 0.5228477047 -0.0005)
    (-0.6280586428 0.5221990973 0.0005)
    (-0.6280586428 0.5221990973 -0.0005)
    (-0.6296659074 0.5215403717 0.0005)
    (-0.6296659074 0.5215403717 -0.0005)
    (-0.6312730079 0.5208812073 0.0005)
    (-0.6312730079 0.5208812073 -0.0005)
    (-0.6328798795 0.5202214726 0.0005)
    (-0.6328798795 0.5202214726 -0.0005)
    (-0.6344834761 0.5195537566 0.0005)
    (-0.6344834761 0.5195537566 -0.0005)
    (-0.6360824634 0.5188752067 0.0005)
    (-0.6360824634 0.5188752067 -0.0005)
    (-0.6376767586 0.5181856193 0.0005)
    (-0.6376767586 0.5181856193 -0.0005)
    (-0.6392736078 0.5175019721 0.0005)
    (-0.6392736078 0.5175019721 -0.0005)
    (-0.6408716102 0.516821064 0.0005)
    (-0.6408716102 0.516821064 -0.0005)
    (-0.6424624648 0.5161237534 0.0005)
    (-0.6424624648 0.5161237534 -0.0005)
    (-0.6440476554 0.5154134453 0.0005)
    (-0.6440476554 0.5154134453 -0.0005)
    (-0.6456328459 0.5147031373 0.0005)
    (-0.6456328459 0.5147031373 -0.0005)
    (-0.6472180364 0.5139928293 0.0005)
    (-0.6472180364 0.5139928293 -0.0005)
    (-0.648803227 0.5132825212 0.0005)
    (-0.648803227 0.5132825212 -0.0005)
    (-0.6503884176 0.5125722131 0.0005)
    (-0.6503884176 0.5125722131 -0.0005)
    (-0.6519736082 0.511861905 0.0005)
    (-0.6519736082 0.511861905 -0.0005)
    (-0.6535587987 0.511151597 0.0005)
    (-0.6535587987 0.511151597 -0.0005)
    (-0.6551439892 0.5104412889 0.0005)
    (-0.6551439892 0.5104412889 -0.0005)
    (-0.6567291798 0.5097309809 0.0005)
    (-0.6567291798 0.5097309809 -0.0005)
    (-0.6583143703 0.5090206727 0.0005)
    (-0.6583143703 0.5090206727 -0.0005)
    (-0.6598975713 0.5083059704 0.0005)
    (-0.6598975713 0.5083059704 -0.0005)
    (-0.6614780619 0.5075852803 0.0005)
    (-0.6614780619 0.5075852803 -0.0005)
    (-0.6630534974 0.5068537565 0.0005)
    (-0.6630534974 0.5068537565 -0.0005)
    (-0.664621718 0.5061068519 0.0005)
    (-0.664621718 0.5061068519 -0.0005)
    (-0.6661872571 0.5053542212 0.0005)
    (-0.6661872571 0.5053542212 -0.0005)
    (-0.6677532484 0.5046025318 0.0005)
    (-0.6677532484 0.5046025318 -0.0005)
    (-0.6693194925 0.5038513685 0.0005)
    (-0.6693194925 0.5038513685 -0.0005)
    (-0.6708857365 0.5031002053 0.0005)
    (-0.6708857365 0.5031002053 -0.0005)
    (-0.6724519806 0.502349042 0.0005)
    (-0.6724519806 0.502349042 -0.0005)
    (-0.6740164672 0.5015943322 0.0005)
    (-0.6740164672 0.5015943322 -0.0005)
    (-0.6755710291 0.5008195935 0.0005)
    (-0.6755710291 0.5008195935 -0.0005)
    (-0.6771174236 0.5000283723 0.0005)
    (-0.6771174236 0.5000283723 -0.0005)
    (-0.678663818 0.4992371513 0.0005)
    (-0.678663818 0.4992371513 -0.0005)
    (-0.6802102125 0.4984459302 0.0005)
    (-0.6802102125 0.4984459302 -0.0005)
    (-0.681756607 0.4976547092 0.0005)
    (-0.681756607 0.4976547092 -0.0005)
    (-0.6833030015 0.496863488 0.0005)
    (-0.6833030015 0.496863488 -0.0005)
    (-0.6848493959 0.496072267 0.0005)
    (-0.6848493959 0.496072267 -0.0005)
    (-0.6863957903 0.4952810459 0.0005)
    (-0.6863957903 0.4952810459 -0.0005)
    (-0.6879421848 0.4944898248 0.0005)
    (-0.6879421848 0.4944898248 -0.0005)
    (-0.6894885792 0.4936986036 0.0005)
    (-0.6894885792 0.4936986036 -0.0005)
    (-0.6910349738 0.4929073825 0.0005)
    (-0.6910349738 0.4929073825 -0.0005)
    (-0.6925828022 0.4921190239 0.0005)
    (-0.6925828022 0.4921190239 -0.0005)
    (-0.6941283072 0.4913261571 0.0005)
    (-0.6941283072 0.4913261571 -0.0005)
    (-0.6956700552 0.4905259197 0.0005)
    (-0.6956700552 0.4905259197 -0.0005)
    (-0.7001699662 0.4880759826 0.0005)
    (-0.7001699662 0.4880759826 -0.0005)
    (-0.7079561444 0.4837560438 0.0005)
    (-0.7079561444 0.4837560438 -0.0005)
    (-0.7164019974 0.4789294304 0.0005)
    (-0.7164019974 0.4789294304 -0.0005)
    (-0.7255313728 0.4734894437 0.0005)
    (-0.7255313728 0.4734894437 -0.0005)
    (-0.7353840355 0.4673480757 0.0005)
    (-0.7353840355 0.4673480757 -0.0005)
    (-0.7460243681 0.4604451401 0.0005)
    (-0.7460243681 0.4604451401 -0.0005)
    (-0.7575090054 0.4526932291 0.0005)
    (-0.7575090054 0.4526932291 -0.0005)
    (-0.7698483626 0.4439248927 0.0005)
    (-0.7698483626 0.4439248927 -0.0005)
    (-0.7830509628 0.4339666548 0.0005)
    (-0.7830509628 0.4339666548 -0.0005)
    (-0.7971735262 0.4227006594 0.0005)
    (-0.7971735262 0.4227006594 -0.0005)
    (-0.8216283893 0.4009141196 0.0005)
    (-0.8216283893 0.4009141196 -0.0005)
    (-0.8533402525 0.3694342869 0.0005)
    (-0.8533402525 0.3694342869 -0.0005)
    (-0.8802672935 0.3385636557 0.0005)
    (-0.8802672935 0.3385636557 -0.0005)
    (-0.9030345967 0.3087054492 0.0005)
    (-0.9030345967 0.3087054492 -0.0005)
    (-0.9221176071 0.2800624666 0.0005)
    (-0.9221176071 0.2800624666 -0.0005)
    (-0.9380657203 0.2528445019 0.0005)
    (-0.9380657203 0.2528445019 -0.0005)
    (-0.9514097806 0.2271913493 0.0005)
    (-0.9514097806 0.2271913493 -0.0005)
    (-0.9625105468 0.2031192343 0.0005)
    (-0.9625105468 0.2031192343 -0.0005)
    (-0.9716711042 0.1806138465 0.0005)
    (-0.9716711042 0.1806138465 -0.0005)
    (-0.9792015009 0.1596534864 0.0005)
    (-0.9792015009 0.1596534864 -0.0005)
    (-0.9853643278 0.1401912003 0.0005)
    (-0.9853643278 0.1401912003 -0.0005)
    (-0.9903864409 0.1221656712 0.0005)
    (-0.9903864409 0.1221656712 -0.0005)
    (-0.9944577131 0.1055045094 0.0005)
    (-0.9944577131 0.1055045094 -0.0005)
    (-0.9977389745 0.09013002054 0.0005)
    (-0.9977389745 0.09013002054 -0.0005)
    (-0.9999741916 0.07591837155 0.0005)
    (-0.9999741916 0.07591837155 -0.0005)
    (-1.001153119 0.0627785194 0.0005)
    (-1.001153119 0.0627785194 -0.0005)
    (-1.001929159 0.05069687338 0.0005)
    (-1.001929159 0.05069687338 -0.0005)
    (-1.00264045 0.03962325967 0.0005)
    (-1.00264045 0.03962325967 -0.0005)
    (-1.003292395 0.02947357306 0.0005)
    (-1.003292395 0.02947357306 -0.0005)
    (-1.003889944 0.02017072571 0.0005)
    (-1.003889944 0.02017072571 -0.0005)
    (-1.004437637 0.01164406155 0.0005)
    (-1.004437637 0.01164406155 -0.0005)
    (-1.004939633 0.003828819741 0.0005)
    (-1.004939633 0.003828819741 -0.0005)
    (-1.005399745 -0.00333435726 0.0005)
    (-1.005399745 -0.00333435726 -0.0005)
    (-1.005821467 -0.009899874486 0.0005)
    (-1.005821467 -0.009899874486 -0.0005)
    (-1.006208003 -0.01591759769 0.0005)
    (-1.006208003 -0.01591759769 -0.0005)
    (-1.006562289 -0.02143323207 0.0005)
    (-1.006562289 -0.02143323207 -0.0005)
    (-1.006887015 -0.02648866942 0.0005)
    (-1.006887015 -0.02648866942 -0.0005)
    (-1.007184647 -0.03112230628 0.0005)
    (-1.007184647 -0.03112230628 -0.0005)
    (-1.007457447 -0.03536933559 0.0005)
    (-1.007457447 -0.03536933559 -0.0005)
    (-1.007707485 -0.03926201395 0.0005)
    (-1.007707485 -0.03926201395 -0.0005)
    (-1.007936661 -0.04282990664 0.0005)
    (-1.007936661 -0.04282990664 -0.0005)
    (-1.008146716 -0.04610011214 0.0005)
    (-1.008146716 -0.04610011214 -0.0005)
    (-1.008339245 -0.049097468 0.0005)
    (-1.008339245 -0.049097468 -0.0005)
    (-1.00851571 -0.05184473944 0.0005)
    (-1.00851571 -0.05184473944 -0.0005)
    (-1.008378069 -0.05445626016 0.0005)
    (-1.008378069 -0.05445626016 -0.0005)
    (-1.007913793 -0.05716975728 0.0005)
    (-1.007913793 -0.05716975728 -0.0005)
    (-1.007407254 -0.06013026451 0.0005)
    (-1.007407254 -0.06013026451 -0.0005)
    (-1.006854603 -0.06336026725 0.0005)
    (-1.006854603 -0.06336026725 -0.0005)
    (-1.006251646 -0.06688429771 0.0005)
    (-1.006251646 -0.06688429771 -0.0005)
    (-1.005593801 -0.0707291213 0.0005)
    (-1.005593801 -0.0707291213 -0.0005)
    (-1.004876072 -0.07492393987 0.0005)
    (-1.004876072 -0.07492393987 -0.0005)
    (-1.004093008 -0.07950061351 0.0005)
    (-1.004093008 -0.07950061351 -0.0005)
    (-1.003238661 -0.08449390258 0.0005)
    (-1.003238661 -0.08449390258 -0.0005)
    (-1.002306544 -0.08994173163 0.0005)
    (-1.002306544 -0.08994173163 -0.0005)
    (-1.001289575 -0.09588547753 0.0005)
    (-1.001289575 -0.09588547753 -0.0005)
    (-1.000180032 -0.1023702837 0.0005)
    (-1.000180032 -0.1023702837 -0.0005)
    (-0.9989694872 -0.1094454029 0.0005)
    (-0.9989694872 -0.1094454029 -0.0005)
    (-0.9976487459 -0.1171645715 0.0005)
    (-0.9976487459 -0.1171645715 -0.0005)
    (-0.9962077772 -0.1255864174 0.0005)
    (-0.9962077772 -0.1255864174 -0.0005)
    (-0.9946356369 -0.1347749054 0.0005)
    (-0.9946356369 -0.1347749054 -0.0005)
    (-0.9929203844 -0.1447998231 0.0005)
    (-0.9929203844 -0.1447998231 -0.0005)
    (-0.9910489921 -0.1557373109 0.0005)
    (-0.9910489921 -0.1557373109 -0.0005)
    (-0.9890072467 -0.1676704401 0.0005)
    (-0.9890072467 -0.1676704401 -0.0005)
    (-0.9864536142 -0.1806135632 0.0005)
    (-0.9864536142 -0.1806135632 -0.0005)
    (-0.9827368796 -0.1945115104 0.0005)
    (-0.9827368796 -0.1945115104 -0.0005)
    (-0.9778576562 -0.2094558961 0.0005)
    (-0.9778576562 -0.2094558961 -0.0005)
    (-0.9720575457 -0.2255967823 0.0005)
    (-0.9720575457 -0.2255967823 -0.0005)
    (-0.965168442 -0.2429945267 0.0005)
    (-0.965168442 -0.2429945267 -0.0005)
    (-0.9569939143 -0.2617011592 0.0005)
    (-0.9569939143 -0.2617011592 -0.0005)
    (-0.9473019179 -0.2817538102 0.0005)
    (-0.9473019179 -0.2817538102 -0.0005)
    (-0.9358263807 -0.3031715705 0.0005)
    (-0.9358263807 -0.3031715705 -0.0005)
    (-0.9222566906 -0.3259434274 0.0005)
    (-0.9222566906 -0.3259434274 -0.0005)
    (-0.9062899369 -0.3500517521 0.0005)
    (-0.9062899369 -0.3500517521 -0.0005)
    (-0.8875690649 -0.3754424872 0.0005)
    (-0.8875690649 -0.3754424872 -0.0005)
    (-0.8655808661 -0.4019208114 0.0005)
    (-0.8655808661 -0.4019208114 -0.0005)
    (-0.8398010406 -0.4292203407 0.0005)
    (-0.8398010406 -0.4292203407 -0.0005)
    (-0.8097780941 -0.4570894209 0.0005)
    (-0.8097780941 -0.4570894209 -0.0005)
    (-0.7749327914 -0.4850613546 0.0005)
    (-0.7749327914 -0.4850613546 -0.0005)
    (-0.7483232331 -0.5041565386 0.0005)
    (-0.7483232331 -0.5041565386 -0.0005)
    (-0.7329499766 -0.5139620653 0.0005)
    (-0.7329499766 -0.5139620653 -0.0005)
    (-0.7183549445 -0.5227121194 0.0005)
    (-0.7183549445 -0.5227121194 -0.0005)
    (-0.7045005421 -0.5304745845 0.0005)
    (-0.7045005421 -0.5304745845 -0.0005)
    (-0.6913960017 -0.5373965244 0.0005)
    (-0.6913960017 -0.5373965244 -0.0005)
    (-0.6790383897 -0.5436074535 0.0005)
    (-0.6790383897 -0.5436074535 -0.0005)
    (-0.667385548 -0.5491579125 0.0005)
    (-0.667385548 -0.5491579125 -0.0005)
    (-0.6563978677 -0.5540935545 0.0005)
    (-0.6563978677 -0.5540935545 -0.0005)
    (-0.646064229 -0.5585182131 0.0005)
    (-0.646064229 -0.5585182131 -0.0005)
    (-0.6396907741 -0.5611601045 0.0005)
    (-0.6396907741 -0.5611601045 -0.0005)
    (-0.6369473368 -0.5622345855 0.0005)
    (-0.6369473368 -0.5622345855 -0.0005)
    (-0.6342065077 -0.5633157916 0.0005)
    (-0.6342065077 -0.5633157916 -0.0005)
    (-0.6314675228 -0.5644019035 0.0005)
    (-0.6314675228 -0.5644019035 -0.0005)
    (-0.6287231777 -0.5654744321 0.0005)
    (-0.6287231777 -0.5654744321 -0.0005)
    (-0.6259731036 -0.5665321413 0.0005)
    (-0.6259731036 -0.5665321413 -0.0005)
    (-0.6232176504 -0.5675758077 0.0005)
    (-0.6232176504 -0.5675758077 -0.0005)
    (-0.6204566324 -0.5686046066 0.0005)
    (-0.6204566324 -0.5686046066 -0.0005)
    (-0.6176903323 -0.5696191806 0.0005)
    (-0.6176903323 -0.5696191806 -0.0005)
    (-0.6149186683 -0.5706189402 0.0005)
    (-0.6149186683 -0.5706189402 -0.0005)
    (-0.612141824 -0.5716042942 0.0005)
    (-0.612141824 -0.5716042942 -0.0005)
    (-0.6093658895 -0.5725921435 0.0005)
    (-0.6093658895 -0.5725921435 -0.0005)
    (-0.6065884243 -0.5735755883 0.0005)
    (-0.6065884243 -0.5735755883 -0.0005)
    (-0.603800528 -0.5745289016 0.0005)
    (-0.603800528 -0.5745289016 -0.0005)
    (-0.6010087852 -0.5754711036 0.0005)
    (-0.6010087852 -0.5754711036 -0.0005)
    (-0.5982182653 -0.5764170158 0.0005)
    (-0.5982182653 -0.5764170158 -0.0005)
    (-0.5954246996 -0.5773539001 0.0005)
    (-0.5954246996 -0.5773539001 -0.0005)
    (-0.5926258797 -0.5782748806 0.0005)
    (-0.5926258797 -0.5782748806 -0.0005)
    (-0.589822708 -0.5791826642 0.0005)
    (-0.589822708 -0.5791826642 -0.0005)
    (-0.5870139612 -0.5800728714 0.0005)
    (-0.5870139612 -0.5800728714 -0.0005)
    (-0.5841998375 -0.5809461266 0.0005)
    (-0.5841998375 -0.5809461266 -0.0005)
    (-0.5813848274 -0.5818164705 0.0005)
    (-0.5813848274 -0.5818164705 -0.0005)
    (-0.5785709141 -0.5826902858 0.0005)
    (-0.5785709141 -0.5826902858 -0.0005)
    (-0.5757531212 -0.5835512941 0.0005)
    (-0.5757531212 -0.5835512941 -0.0005)
    (-0.572926113 -0.5843817078 0.0005)
    (-0.572926113 -0.5843817078 -0.0005)
    (-0.5700977976 -0.585207765 0.0005)
    (-0.5700977976 -0.585207765 -0.0005)
    (-0.5672710442 -0.5860391994 0.0005)
    (-0.5672710442 -0.5860391994 -0.0005)
    (-0.5644401112 -0.5868561825 0.0005)
    (-0.5644401112 -0.5868561825 -0.0005)
    (-0.5616048777 -0.5876582176 0.0005)
    (-0.5616048777 -0.5876582176 -0.0005)
    (-0.5587659499 -0.5884469964 0.0005)
    (-0.5587659499 -0.5884469964 -0.0005)
    (-0.5559253397 -0.5892297657 0.0005)
    (-0.5559253397 -0.5892297657 -0.0005)
    (-0.553084702 -0.5900124154 0.0005)
    (-0.553084702 -0.5900124154 -0.0005)
    (-0.5502399046 -0.5907797677 0.0005)
    (-0.5502399046 -0.5907797677 -0.0005)
    (-0.5478593114 -0.5914056743 0.0005)
    (-0.5478593114 -0.5914056743 -0.0005)
    (-0.5459472205 -0.5919062402 0.0005)
    (-0.5459472205 -0.5919062402 -0.0005)
    (-0.5440365815 -0.5924123499 0.0005)
    (-0.5440365815 -0.5924123499 -0.0005)
    (-0.5421243929 -0.5929125495 0.0005)
    (-0.5421243929 -0.5929125495 -0.0005)
    (-0.5402105288 -0.59340633 0.0005)
    (-0.5402105288 -0.59340633 -0.0005)
    (-0.5382949397 -0.5938933395 0.0005)
    (-0.5382949397 -0.5938933395 -0.0005)
    (-0.5363776852 -0.5943737919 0.0005)
    (-0.5363776852 -0.5943737919 -0.0005)
    (-0.5344589934 -0.5948484434 0.0005)
    (-0.5344589934 -0.5948484434 -0.0005)
    (-0.5325403842 -0.5953234049 0.0005)
    (-0.5325403842 -0.5953234049 -0.0005)
    (-0.5306227605 -0.5958023526 0.0005)
    (-0.5306227605 -0.5958023526 -0.0005)
    (-0.5287036136 -0.5962751612 0.0005)
    (-0.5287036136 -0.5962751612 -0.0005)
    (-0.5267822847 -0.5967390308 0.0005)
    (-0.5267822847 -0.5967390308 -0.0005)
    (-0.5248589537 -0.5971945279 0.0005)
    (-0.5248589537 -0.5971945279 -0.0005)
    (-0.5229346447 -0.5976458704 0.0005)
    (-0.5229346447 -0.5976458704 -0.0005)
    (-0.5210111978 -0.5981008507 0.0005)
    (-0.5210111978 -0.5981008507 -0.0005)
    (-0.519087575 -0.5985551125 0.0005)
    (-0.519087575 -0.5985551125 -0.0005)
    (-0.5171626263 -0.5990037366 0.0005)
    (-0.5171626263 -0.5990037366 -0.0005)
    (-0.5152361129 -0.5994455587 0.0005)
    (-0.5152361129 -0.5994455587 -0.0005)
    (-0.5133081332 -0.5998809814 0.0005)
    (-0.5133081332 -0.5998809814 -0.0005)
    (-0.5113793747 -0.6003129139 0.0005)
    (-0.5113793747 -0.6003129139 -0.0005)
    (-0.50945097 -0.6007464164 0.0005)
    (-0.50945097 -0.6007464164 -0.0005)
    (-0.5075226755 -0.6011804299 0.0005)
    (-0.5075226755 -0.6011804299 -0.0005)
    (-0.5055928424 -0.6016075536 0.0005)
    (-0.5055928424 -0.6016075536 -0.0005)
    (-0.5036615444 -0.6020280037 0.0005)
    (-0.5036615444 -0.6020280037 -0.0005)
    (-0.5017288665 -0.602442068 0.0005)
    (-0.5017288665 -0.602442068 -0.0005)
    (-0.4997956895 -0.6028537827 0.0005)
    (-0.4997956895 -0.6028537827 -0.0005)
    (-0.4978629063 -0.6032673279 0.0005)
    (-0.4978629063 -0.6032673279 -0.0005)
    (-0.4959298263 -0.603679504 0.0005)
    (-0.4959298263 -0.603679504 -0.0005)
    (-0.4939955061 -0.6040858015 0.0005)
    (-0.4939955061 -0.6040858015 -0.0005)
    (-0.4920597647 -0.6044852703 0.0005)
    (-0.4920597647 -0.6044852703 -0.0005)
    (-0.490123276 -0.6048811301 0.0005)
    (-0.490123276 -0.6048811301 -0.0005)
    (-0.4881872055 -0.6052790218 0.0005)
    (-0.4881872055 -0.6052790218 -0.0005)
    (-0.486251049 -0.6056765089 0.0005)
    (-0.486251049 -0.6056765089 -0.0005)
)
