950
(
    (-0.004256766007 0.08076307629 0.0005)
    (-0.004257997134 0.080781719 0.0005)
    (-0.004259244718 0.08080061092 0.0005)
    (-0.004260508979 0.08081975537 0.0005)
    (-0.004261790139 0.08083915575 0.0005)
    (-0.004263088427 0.08085881546 0.0005)
    (-0.00426440407 0.08087873797 0.0005)
    (-0.004265737299 0.08089892679 0.0005)
    (-0.00426708835 0.08091938549 0.0005)
    (-0.00426845746 0.08094011768 0.0005)
    (-0.004269844873 0.08096112699 0.0005)
    (-0.004271250833 0.08098241716 0.0005)
    (-0.004272675586 0.08100399192 0.0005)
    (-0.004274119386 0.08102585508 0.0005)
    (-0.004275582485 0.0810480105 0.0005)
    (-0.004277065141 0.08107046208 0.0005)
    (-0.004278567618 0.08109321379 0.0005)
    (-0.004280090179 0.08111626963 0.0005)
    (-0.004281633093 0.08113963367 0.0005)
    (-0.004283196632 0.08116331003 0.0005)
    (-0.004284781071 0.08118730289 0.0005)
    (-0.004286386691 0.08121161646 0.0005)
    (-0.004288013774 0.08123625506 0.0005)
    (-0.004289662606 0.08126122301 0.0005)
    (-0.00429133348 0.08128652473 0.0005)
    (-0.00429302669 0.08131216466 0.0005)
    (-0.004294742532 0.08133814733 0.0005)
    (-0.004296481312 0.08136447734 0.0005)
    (-0.004298243336 0.08139115931 0.0005)
    (-0.004300028913 0.08141819795 0.0005)
    (-0.004301838359 0.08144559803 0.0005)
    (-0.004303671992 0.08147336438 0.0005)
    (-0.004305530137 0.08150150191 0.0005)
    (-0.004307413121 0.08153001556 0.0005)
    (-0.004309321276 0.08155891037 0.0005)
    (-0.004311254938 0.08158819143 0.0005)
    (-0.004313214448 0.08161786391 0.0005)
    (-0.004315200152 0.08164793304 0.0005)
    (-0.0043172124 0.08167840411 0.0005)
    (-0.004319251547 0.08170928251 0.0005)
    (-0.004321317952 0.08174057368 0.0005)
    (-0.00432341198 0.08177228313 0.0005)
    (-0.004325534001 0.08180441647 0.0005)
    (-0.004327684387 0.08183697935 0.0005)
    (-0.004329863519 0.0818699775 0.0005)
    (-0.004332071781 0.08190341677 0.0005)
    (-0.004334309561 0.08193730304 0.0005)
    (-0.004336577255 0.08197164229 0.0005)
    (-0.004338875262 0.08200644056 0.0005)
    (-0.004341203989 0.082041704 0.0005)
    (-0.004343563845 0.08207743884 0.0005)
    (-0.004345955245 0.08211365135 0.0005)
    (-0.004348378614 0.08215034794 0.0005)
    (-0.004350834377 0.08218753507 0.0005)
    (-0.004353322968 0.0822252193 0.0005)
    (-0.004355844824 0.08226340729 0.0005)
    (-0.004358400392 0.08230210575 0.0005)
    (-0.004360990121 0.08234132151 0.0005)
    (-0.004363614469 0.08238106149 0.0005)
    (-0.004366273898 0.08242133269 0.0005)
    (-0.004368968877 0.08246214223 0.0005)
    (-0.004371699881 0.08250349729 0.0005)
    (-0.004374467392 0.08254540516 0.0005)
    (-0.004377271898 0.08258787324 0.0005)
    (-0.004380113893 0.08263090901 0.0005)
    (-0.004382993879 0.08267452007 0.0005)
    (-0.004385912363 0.0827187141 0.0005)
    (-0.004388869859 0.08276349889 0.0005)
    (-0.004391866891 0.08280888235 0.0005)
    (-0.004394903986 0.08285487247 0.0005)
    (-0.004397981678 0.08290147737 0.0005)
    (-0.004401100512 0.08294870526 0.0005)
    (-0.004404261038 0.08299656447 0.0005)
    (-0.004407463812 0.08304506344 0.0005)
    (-0.004410709399 0.08309421072 0.0005)
    (-0.004413998371 0.08314401499 0.0005)
    (-0.00441733131 0.08319448501 0.0005)
    (-0.004420708801 0.0832456297 0.0005)
    (-0.004424131441 0.08329745806 0.0005)
    (-0.004427599833 0.08334997924 0.0005)
    (-0.00443111459 0.0834032025 0.0005)
    (-0.00443467633 0.08345713723 0.0005)
    (-0.004438285681 0.08351179294 0.0005)
    (-0.004441943281 0.08356717925 0.0005)
    (-0.004445649774 0.08362330594 0.0005)
    (-0.004449405814 0.08368018291 0.0005)
    (-0.004453212063 0.08373782019 0.0005)
    (-0.004457069192 0.08379622793 0.0005)
    (-0.004460977882 0.08385541644 0.0005)
    (-0.004464938821 0.08391539616 0.0005)
    (-0.004468952707 0.08397617766 0.0005)
    (-0.004473020251 0.08403777166 0.0005)
    (-0.004477142166 0.08410018902 0.0005)
    (-0.004481319182 0.08416344075 0.0005)
    (-0.004485552034 0.084227538 0.0005)
    (-0.00448984147 0.08429249207 0.0005)
    (-0.004494188244 0.08435831441 0.0005)
    (-0.004498593124 0.08442501665 0.0005)
    (-0.004503056887 0.08449261052 0.0005)
    (-0.004507580318 0.08456110796 0.0005)
    (-0.004512164218 0.08463052104 0.0005)
    (-0.004516809393 0.08470086201 0.0005)
    (-0.004521516662 0.08477214326 0.0005)
    (-0.004526286856 0.08484437737 0.0005)
    (-0.004531120816 0.08491757707 0.0005)
    (-0.004536019394 0.08499175527 0.0005)
    (-0.004540983454 0.08506692505 0.0005)
    (-0.004546013871 0.08514309967 0.0005)
    (-0.004551111532 0.08522029255 0.0005)
    (-0.004556277337 0.08529851732 0.0005)
    (-0.004561512196 0.08537778776 0.0005)
    (-0.004566817033 0.08545811785 0.0005)
    (-0.004572192782 0.08553952175 0.0005)
    (-0.004577640391 0.08562201383 0.0005)
    (-0.004583160823 0.08570560862 0.0005)
    (-0.004588755048 0.08579032087 0.0005)
    (-0.004594424054 0.08587616552 0.0005)
    (-0.004600168841 0.0859631577 0.0005)
    (-0.004605990422 0.08605131275 0.0005)
    (-0.004611889823 0.08614064621 0.0005)
    (-0.004617868084 0.08623117385 0.0005)
    (-0.004623926261 0.08632291162 0.0005)
    (-0.00463006542 0.08641587571 0.0005)
    (-0.004636286645 0.08651008249 0.0005)
    (-0.004642591032 0.08660554857 0.0005)
    (-0.004648979694 0.08670229082 0.0005)
    (-0.004655453756 0.08680032627 0.0005)
    (-0.004662014361 0.08689967221 0.0005)
    (-0.004668662664 0.08700034616 0.0005)
    (-0.00467539984 0.08710236589 0.0005)
    (-0.004682227075 0.08720574936 0.0005)
    (-0.004689145573 0.08731051481 0.0005)
    (-0.004696156555 0.08741668072 0.0005)
    (-0.004703261256 0.08752426581 0.0005)
    (-0.00471046093 0.08763328905 0.0005)
    (-0.004717756845 0.08774376966 0.0005)
    (-0.004725150289 0.08785572713 0.0005)
    (-0.004732642565 0.08796918119 0.0005)
    (-0.004740234995 0.08808415186 0.0005)
    (-0.004747928917 0.0882006594 0.0005)
    (-0.004755725688 0.08831872436 0.0005)
    (-0.004763626683 0.08843836756 0.0005)
    (-0.004771633294 0.0885596101 0.0005)
    (-0.004779746934 0.08868247335 0.0005)
    (-0.004787969034 0.08880697899 0.0005)
    (-0.004796301043 0.08893314896 0.0005)
    (-0.00480474443 0.08906100551 0.0005)
    (-0.004813300686 0.08919057119 0.0005)
    (-0.004821971317 0.08932186885 0.0005)
    (-0.004830757853 0.08945492163 0.0005)
    (-0.004839661843 0.08958975301 0.0005)
    (-0.004848684858 0.08972638674 0.0005)
    (-0.004857828488 0.08986484695 0.0005)
    (-0.004867094347 0.09000515802 0.0005)
    (-0.004876484067 0.0901473447 0.0005)
    (-0.004885999305 0.09029143207 0.0005)
    (-0.004895641739 0.09043744554 0.0005)
    (-0.004905413068 0.09058541084 0.0005)
    (-0.004915315016 0.09073535408 0.0005)
    (-0.004925349328 0.0908873017 0.0005)
    (-0.004935517775 0.09104128049 0.0005)
    (-0.004945822149 0.09119731759 0.0005)
    (-0.004956264267 0.09135544052 0.0005)
    (-0.004966845971 0.09151567718 0.0005)
    (-0.004977569126 0.0916780558 0.0005)
    (-0.004988435623 0.09184260502 0.0005)
    (-0.004999447379 0.09200935387 0.0005)
    (-0.005010606335 0.09217833174 0.0005)
    (-0.005021914459 0.09234956843 0.0005)
    (-0.005033373744 0.09252309413 0.0005)
    (-0.005044986213 0.09269893945 0.0005)
    (-0.005056753911 0.09287713539 0.0005)
    (-0.005068678915 0.09305771338 0.0005)
    (-0.005080763327 0.09324070524 0.0005)
    (-0.005093009277 0.09342614326 0.0005)
    (-0.005105418927 0.09361406012 0.0005)
    (-0.005117994462 0.09380448898 0.0005)
    (-0.005130738102 0.09399746341 0.0005)
    (-0.005143652093 0.09419301743 0.0005)
    (-0.005156738712 0.09439118552 0.0005)
    (-0.005170000268 0.09459200265 0.0005)
    (-0.005183439098 0.0947955042 0.0005)
    (-0.005197057573 0.09500172607 0.0005)
    (-0.005210858092 0.09521070462 0.0005)
    (-0.005224843091 0.0954224767 0.0005)
    (-0.005239015035 0.09563707965 0.0005)
    (-0.005253376424 0.09585455132 0.0005)
    (-0.005267929788 0.09607493005 0.0005)
    (-0.005282677695 0.09629825471 0.0005)
    (-0.005297622747 0.09652456467 0.0005)
    (-0.005312767576 0.09675389983 0.0005)
    (-0.005328114855 0.09698630065 0.0005)
    (-0.005343667288 0.0972218081 0.0005)
    (-0.005359427621 0.0974604637 0.0005)
    (-0.00537539863 0.09770230955 0.0005)
    (-0.005391583133 0.09794738827 0.0005)
    (-0.005407983983 0.0981957431 0.0005)
    (-0.005424604071 0.09844741783 0.0005)
    (-0.005441446329 0.09870245683 0.0005)
    (-0.005458513728 0.09896090507 0.0005)
    (-0.005475809275 0.09922280814 0.0005)
    (-0.005493336022 0.0994882122 0.0005)
    (-0.005511097059 0.09975716407 0.0005)
    (-0.005529095516 0.1000297112 0.0005)
    (-0.005547334568 0.1003059016 0.0005)
    (-0.005565817433 0.1005857839 0.0005)
    (-0.005584547368 0.1008694076 0.0005)
    (-0.005603527676 0.1011568227 0.0005)
    (-0.005622761705 0.1014480798 0.0005)
    (-0.005642252845 0.1017432303 0.0005)
    (-0.005662004534 0.1020423263 0.0005)
    (-0.005682020255 0.1023454204 0.0005)
    (-0.005702303537 0.1026525661 0.0005)
    (-0.005722857956 0.1029638176 0.0005)
    (-0.005743687139 0.1032792298 0.0005)
    (-0.005764794755 0.1035988583 0.0005)
    (-0.005786184529 0.1039227594 0.0005)
    (-0.005807860232 0.1042509903 0.0005)
    (-0.005829825685 0.1045836088 0.0005)
    (-0.005852084763 0.1049206736 0.0005)
    (-0.005874641391 0.1052622442 0.0005)
    (-0.005897499545 0.1056083808 0.0005)
    (-0.005920663256 0.1059591443 0.0005)
    (-0.00594413661 0.1063145967 0.0005)
    (-0.005967923744 0.1066748005 0.0005)
    (-0.005992028855 0.1070398195 0.0005)
    (-0.006016456192 0.1074097178 0.0005)
    (-0.006041210062 0.1077845608 0.0005)
    (-0.006066294831 0.1081644145 0.0005)
    (-0.006091714922 0.1085493459 0.0005)
    (-0.006117474818 0.108939423 0.0005)
    (-0.006143579059 0.1093347143 0.0005)
    (-0.00617003225 0.1097352898 0.0005)
    (-0.006196839056 0.11014122 0.0005)
    (-0.006224004202 0.1105525764 0.0005)
    (-0.006251532481 0.1109694317 0.0005)
    (-0.006279428745 0.1113918593 0.0005)
    (-0.006307697914 0.1118199338 0.0005)
    (-0.006336344972 0.1122537305 0.0005)
    (-0.006365374971 0.1126933261 0.0005)
    (-0.00639479303 0.1131387979 0.0005)
    (-0.006424604336 0.1135902247 0.0005)
    (-0.006454814147 0.1140476859 0.0005)
    (-0.006485427788 0.1145112622 0.0005)
    (-0.006516450659 0.1149810354 0.0005)
    (-0.006547888229 0.1154570884 0.0005)
    (-0.006579746043 0.115939505 0.0005)
    (-0.006612029717 0.1164283702 0.0005)
    (-0.006644744946 0.1169237705 0.0005)
    (-0.006677897496 0.117425793 0.0005)
    (-0.006711493215 0.1179345264 0.0005)
    (-0.006745538026 0.1184500602 0.0005)
    (-0.006780037933 0.1189724856 0.0005)
    (-0.00681499902 0.1195018944 0.0005)
    (-0.006850427449 0.1200383801 0.0005)
    (-0.006886329471 0.1205820373 0.0005)
    (-0.006922711414 0.1211329619 0.0005)
    (-0.006959579695 0.121691251 0.0005)
    (-0.006996940814 0.1222570031 0.0005)
    (-0.007034801359 0.1228303179 0.0005)
    (-0.007073168008 0.1234112964 0.0005)
    (-0.007112047525 0.1240000413 0.0005)
    (-0.007151446765 0.1245966562 0.0005)
    (-0.007191372677 0.1252012464 0.0005)
    (-0.0072318323 0.1258139186 0.0005)
    (-0.007272832769 0.1264347806 0.0005)
    (-0.007314381314 0.127063942 0.0005)
    (-0.007356485261 0.1277015137 0.0005)
    (-0.007399152035 0.1283476083 0.0005)
    (-0.007442389158 0.1290023396 0.0005)
    (-0.007486204256 0.129665823 0.0005)
    (-0.007530605055 0.1303381755 0.0005)
    (-0.007575599383 0.1310195157 0.0005)
    (-0.007621195175 0.1317099638 0.0005)
    (-0.007667400471 0.1324096415 0.0005)
    (-0.007714223419 0.1331186722 0.0005)
    (-0.007761672274 0.1338371808 0.0005)
    (-0.007809755405 0.1345652942 0.0005)
    (-0.007858481289 0.1353031407 0.0005)
    (-0.007907858519 0.1360508503 0.0005)
    (-0.007957895801 0.136808555 0.0005)
    (-0.008008601959 0.1375763883 0.0005)
    (-0.008059985934 0.1383544857 0.0005)
    (-0.008112056786 0.1391429844 0.0005)
    (-0.008164823698 0.1399420233 0.0005)
    (-0.008218295975 0.1407517435 0.0005)
    (-0.008272483046 0.1415722876 0.0005)
    (-0.008327394464 0.1424038004 0.0005)
    (-0.008383039913 0.1432464284 0.0005)
    (-0.008439429205 0.1441003203 0.0005)
    (-0.008496572284 0.1449656267 0.0005)
    (-0.008554479225 0.1458425001 0.0005)
    (-0.008613160242 0.1467310952 0.0005)
    (-0.008672625678 0.1476315686 0.0005)
    (-0.008732886023 0.1485440791 0.0005)
    (-0.0087939519 0.1494687876 0.0005)
    (-0.008855834078 0.1504058573 0.0005)
    (-0.008918543469 0.1513554532 0.0005)
    (-0.008982091131 0.152317743 0.0005)
    (-0.00904648827 0.1532928961 0.0005)
    (-0.00911174624 0.1542810847 0.0005)
    (-0.009177876549 0.1552824829 0.0005)
    (-0.009244890859 0.1562972674 0.0005)
    (-0.009312800986 0.157325617 0.0005)
    (-0.009381618904 0.1583677132 0.0005)
    (-0.009451356748 0.1594237397 0.0005)
    (-0.009522026818 0.1604938826 0.0005)
    (-0.009593641573 0.1615783307 0.0005)
    (-0.009666213641 0.1626772752 0.0005)
    (-0.009739755821 0.1637909099 0.0005)
    (-0.009814281078 0.1649194312 0.0005)
    (-0.009889802555 0.1660630381 0.0005)
    (-0.009966333571 0.1672219321 0.0005)
    (-0.01004388762 0.1683963177 0.0005)
    (-0.01012247838 0.1695864021 0.0005)
    (-0.0102021197 0.1707923949 0.0005)
    (-0.01028282562 0.1720145088 0.0005)
    (-0.01036461039 0.1732529595 0.0005)
    (-0.01044748843 0.1745079651 0.0005)
    (-0.01053147433 0.1757797471 0.0005)
    (-0.01061658292 0.1770685298 0.0005)
    (-0.01070282921 0.1783745403 0.0005)
    (-0.0107902284 0.179698009 0.0005)
    (-0.01087879589 0.1810391692 0.0005)
    (-0.01096854733 0.1823982574 0.0005)
    (-0.01105949852 0.1837755133 0.0005)
    (-0.0111516655 0.1851711797 0.0005)
    (-0.01124506452 0.1865855029 0.0005)
    (-0.01133971207 0.1880187319 0.0005)
    (-0.01143562482 0.1894711198 0.0005)
    (-0.01153281969 0.1909429225 0.0005)
    (-0.01163131382 0.1924343997 0.0005)
    (-0.01173112457 0.1939458142 0.0005)
    (-0.01183226954 0.1954774326 0.0005)
    (-0.01193476658 0.197029525 0.0005)
    (-0.01203863375 0.1986023651 0.0005)
    (-0.01214388937 0.2001962301 0.0005)
    (-0.01225055199 0.2018114013 0.0005)
    (-0.01235864044 0.2034481633 0.0005)
    (-0.01246817376 0.2051068049 0.0005)
    (-0.01257917128 0.2067876183 0.0005)
    (-0.01269165256 0.2084909002 0.0005)
    (-0.01280563744 0.2102169507 0.0005)
    (-0.01292114602 0.2119660744 0.0005)
    (-0.01303819867 0.2137385796 0.0005)
    (-0.01315681602 0.2155347787 0.0005)
    (-0.013277019 0.2173549887 0.0005)
    (-0.01339882879 0.2191995303 0.0005)
    (-0.01352226688 0.221068729 0.0005)
    (-0.01364735503 0.2229629143 0.0005)
    (-0.01377411532 0.2248824202 0.0005)
    (-0.01390257007 0.2268275852 0.0005)
    (-0.01403274194 0.2287987523 0.0005)
    (-0.0141646539 0.2307962691 0.0005)
    (-0.0142983292 0.2328204877 0.0005)
    (-0.0144337914 0.2348717652 0.0005)
    (-0.01457106441 0.2369504632 0.0005)
    (-0.01471017242 0.2390569484 0.0005)
    (-0.01485113996 0.2411915921 0.0005)
    (-0.01499399189 0.2433547707 0.0005)
    (-0.0151387534 0.2455468657 0.0005)
    (-0.01528545002 0.2477682637 0.0005)
    (-0.01543410762 0.2500193563 0.0005)
    (-0.0155847524 0.2523005405 0.0005)
    (-0.01573741093 0.2546122185 0.0005)
    (-0.01589211013 0.256954798 0.0005)
    (-0.01604887728 0.2593286921 0.0005)
    (-0.01620774002 0.2617343194 0.0005)
    (-0.01636872637 0.2641721039 0.0005)
    (-0.01653186471 0.2666424755 0.0005)
    (-0.01669718381 0.2691458701 0.0005)
    (-0.01686471282 0.2716827289 0.0005)
    (-0.01703448128 0.2742534993 0.0005)
    (-0.01720651914 0.2768586346 0.0005)
    (-0.01738085671 0.2794985942 0.0005)
    (-0.01755752476 0.2821738435 0.0005)
    (-0.01773655442 0.2848848543 0.0005)
    (-0.01791797727 0.2876321048 0.0005)
    (-0.0181018253 0.2904160792 0.0005)
    (-0.01828813092 0.2932372685 0.0005)
    (-0.01847692699 0.2960961703 0.0005)
    (-0.01866824681 0.2989932885 0.0005)
    (-0.0188621241 0.3019291341 0.0005)
    (-0.01905859305 0.3049042248 0.0005)
    (-0.01925768832 0.3079190851 0.0005)
    (-0.019459445 0.3109742467 0.0005)
    (-0.01966389867 0.3140702483 0.0005)
    (-0.01987108539 0.3172076359 0.0005)
    (-0.02008104168 0.3203869627 0.0005)
    (-0.02029380458 0.3236087893 0.0005)
    (-0.02050941159 0.3268736837 0.0005)
    (-0.02072790074 0.3301822219 0.0005)
    (-0.02094931056 0.3335349871 0.0005)
    (-0.02117368008 0.3369325705 0.0005)
    (-0.02140104887 0.3403755713 0.0005)
    (-0.02163145702 0.3438645965 0.0005)
    (-0.02186494517 0.3474002615 0.0005)
    (-0.02210155449 0.3509831896 0.0005)
    (-0.02234132668 0.3546140127 0.0005)
    (-0.02258430405 0.3582933711 0.0005)
    (-0.004256766007 0.08076307629 -0.0005)
    (-0.004257997134 0.080781719 -0.0005)
    (-0.004259244718 0.08080061092 -0.0005)
    (-0.004260508979 0.08081975537 -0.0005)
    (-0.004261790139 0.08083915575 -0.0005)
    (-0.004263088427 0.08085881546 -0.0005)
    (-0.00426440407 0.08087873797 -0.0005)
    (-0.004265737299 0.08089892679 -0.0005)
    (-0.00426708835 0.08091938549 -0.0005)
    (-0.00426845746 0.08094011768 -0.0005)
    (-0.004269844873 0.08096112699 -0.0005)
    (-0.004271250833 0.08098241716 -0.0005)
    (-0.004272675586 0.08100399192 -0.0005)
    (-0.004274119386 0.08102585508 -0.0005)
    (-0.004275582485 0.0810480105 -0.0005)
    (-0.004277065141 0.08107046208 -0.0005)
    (-0.004278567618 0.08109321379 -0.0005)
    (-0.004280090179 0.08111626963 -0.0005)
    (-0.004281633093 0.08113963367 -0.0005)
    (-0.004283196632 0.08116331003 -0.0005)
    (-0.004284781071 0.08118730289 -0.0005)
    (-0.004286386691 0.08121161646 -0.0005)
    (-0.004288013774 0.08123625506 -0.0005)
    (-0.004289662606 0.08126122301 -0.0005)
    (-0.00429133348 0.08128652473 -0.0005)
    (-0.00429302669 0.08131216466 -0.0005)
    (-0.004294742532 0.08133814733 -0.0005)
    (-0.004296481312 0.08136447734 -0.0005)
    (-0.004298243336 0.08139115931 -0.0005)
    (-0.004300028913 0.08141819795 -0.0005)
    (-0.004301838359 0.08144559803 -0.0005)
    (-0.004303671992 0.08147336438 -0.0005)
    (-0.004305530137 0.08150150191 -0.0005)
    (-0.004307413121 0.08153001556 -0.0005)
    (-0.004309321276 0.08155891037 -0.0005)
    (-0.004311254938 0.08158819143 -0.0005)
    (-0.004313214448 0.08161786391 -0.0005)
    (-0.004315200152 0.08164793304 -0.0005)
    (-0.0043172124 0.08167840411 -0.0005)
    (-0.004319251547 0.08170928251 -0.0005)
    (-0.004321317952 0.08174057368 -0.0005)
    (-0.00432341198 0.08177228313 -0.0005)
    (-0.004325534001 0.08180441647 -0.0005)
    (-0.004327684387 0.08183697935 -0.0005)
    (-0.004329863519 0.0818699775 -0.0005)
    (-0.004332071781 0.08190341677 -0.0005)
    (-0.004334309561 0.08193730304 -0.0005)
    (-0.004336577255 0.08197164229 -0.0005)
    (-0.004338875262 0.08200644056 -0.0005)
    (-0.004341203989 0.082041704 -0.0005)
    (-0.004343563845 0.08207743884 -0.0005)
    (-0.004345955245 0.08211365135 -0.0005)
    (-0.004348378614 0.08215034794 -0.0005)
    (-0.004350834377 0.08218753507 -0.0005)
    (-0.004353322968 0.0822252193 -0.0005)
    (-0.004355844824 0.08226340729 -0.0005)
    (-0.004358400392 0.08230210575 -0.0005)
    (-0.004360990121 0.08234132151 -0.0005)
    (-0.004363614469 0.08238106149 -0.0005)
    (-0.004366273898 0.08242133269 -0.0005)
    (-0.004368968877 0.08246214223 -0.0005)
    (-0.004371699881 0.08250349729 -0.0005)
    (-0.004374467392 0.08254540516 -0.0005)
    (-0.004377271898 0.08258787324 -0.0005)
    (-0.004380113893 0.08263090901 -0.0005)
    (-0.004382993879 0.08267452007 -0.0005)
    (-0.004385912363 0.0827187141 -0.0005)
    (-0.004388869859 0.08276349889 -0.0005)
    (-0.004391866891 0.08280888235 -0.0005)
    (-0.004394903986 0.08285487247 -0.0005)
    (-0.004397981678 0.08290147737 -0.0005)
    (-0.004401100512 0.08294870526 -0.0005)
    (-0.004404261038 0.08299656447 -0.0005)
    (-0.004407463812 0.08304506344 -0.0005)
    (-0.004410709399 0.08309421072 -0.0005)
    (-0.004413998371 0.08314401499 -0.0005)
    (-0.00441733131 0.08319448501 -0.0005)
    (-0.004420708801 0.0832456297 -0.0005)
    (-0.004424131441 0.08329745806 -0.0005)
    (-0.004427599833 0.08334997924 -0.0005)
    (-0.00443111459 0.0834032025 -0.0005)
    (-0.00443467633 0.08345713723 -0.0005)
    (-0.004438285681 0.08351179294 -0.0005)
    (-0.004441943281 0.08356717925 -0.0005)
    (-0.004445649774 0.08362330594 -0.0005)
    (-0.004449405814 0.08368018291 -0.0005)
    (-0.004453212063 0.08373782019 -0.0005)
    (-0.004457069192 0.08379622793 -0.0005)
    (-0.004460977882 0.08385541644 -0.0005)
    (-0.004464938821 0.08391539616 -0.0005)
    (-0.004468952707 0.08397617766 -0.0005)
    (-0.004473020251 0.08403777166 -0.0005)
    (-0.004477142166 0.08410018902 -0.0005)
    (-0.004481319182 0.08416344075 -0.0005)
    (-0.004485552034 0.084227538 -0.0005)
    (-0.00448984147 0.08429249207 -0.0005)
    (-0.004494188244 0.08435831441 -0.0005)
    (-0.004498593124 0.08442501665 -0.0005)
    (-0.004503056887 0.08449261052 -0.0005)
    (-0.004507580318 0.08456110796 -0.0005)
    (-0.004512164218 0.08463052104 -0.0005)
    (-0.004516809393 0.08470086201 -0.0005)
    (-0.004521516662 0.08477214326 -0.0005)
    (-0.004526286856 0.08484437737 -0.0005)
    (-0.004531120816 0.08491757707 -0.0005)
    (-0.004536019394 0.08499175527 -0.0005)
    (-0.004540983454 0.08506692505 -0.0005)
    (-0.004546013871 0.08514309967 -0.0005)
    (-0.004551111532 0.08522029255 -0.0005)
    (-0.004556277337 0.08529851732 -0.0005)
    (-0.004561512196 0.08537778776 -0.0005)
    (-0.004566817033 0.08545811785 -0.0005)
    (-0.004572192782 0.08553952175 -0.0005)
    (-0.004577640391 0.08562201383 -0.0005)
    (-0.004583160823 0.08570560862 -0.0005)
    (-0.004588755048 0.08579032087 -0.0005)
    (-0.004594424054 0.08587616552 -0.0005)
    (-0.004600168841 0.0859631577 -0.0005)
    (-0.004605990422 0.08605131275 -0.0005)
    (-0.004611889823 0.08614064621 -0.0005)
    (-0.004617868084 0.08623117385 -0.0005)
    (-0.004623926261 0.08632291162 -0.0005)
    (-0.00463006542 0.08641587571 -0.0005)
    (-0.004636286645 0.08651008249 -0.0005)
    (-0.004642591032 0.08660554857 -0.0005)
    (-0.004648979694 0.08670229082 -0.0005)
    (-0.004655453756 0.08680032627 -0.0005)
    (-0.004662014361 0.08689967221 -0.0005)
    (-0.004668662664 0.08700034616 -0.0005)
    (-0.00467539984 0.08710236589 -0.0005)
    (-0.004682227075 0.08720574936 -0.0005)
    (-0.004689145573 0.08731051481 -0.0005)
    (-0.004696156555 0.08741668072 -0.0005)
    (-0.004703261256 0.08752426581 -0.0005)
    (-0.00471046093 0.08763328905 -0.0005)
    (-0.004717756845 0.08774376966 -0.0005)
    (-0.004725150289 0.08785572713 -0.0005)
    (-0.004732642565 0.08796918119 -0.0005)
    (-0.004740234995 0.08808415186 -0.0005)
    (-0.004747928917 0.0882006594 -0.0005)
    (-0.004755725688 0.08831872436 -0.0005)
    (-0.004763626683 0.08843836756 -0.0005)
    (-0.004771633294 0.0885596101 -0.0005)
    (-0.004779746934 0.08868247335 -0.0005)
    (-0.004787969034 0.08880697899 -0.0005)
    (-0.004796301043 0.08893314896 -0.0005)
    (-0.00480474443 0.08906100551 -0.0005)
    (-0.004813300686 0.08919057119 -0.0005)
    (-0.004821971317 0.08932186885 -0.0005)
    (-0.004830757853 0.08945492163 -0.0005)
    (-0.004839661843 0.08958975301 -0.0005)
    (-0.004848684858 0.08972638674 -0.0005)
    (-0.004857828488 0.08986484695 -0.0005)
    (-0.004867094347 0.09000515802 -0.0005)
    (-0.004876484067 0.0901473447 -0.0005)
    (-0.004885999305 0.09029143207 -0.0005)
    (-0.004895641739 0.09043744554 -0.0005)
    (-0.004905413068 0.09058541084 -0.0005)
    (-0.004915315016 0.09073535408 -0.0005)
    (-0.004925349328 0.0908873017 -0.0005)
    (-0.004935517775 0.09104128049 -0.0005)
    (-0.004945822149 0.09119731759 -0.0005)
    (-0.004956264267 0.09135544052 -0.0005)
    (-0.004966845971 0.09151567718 -0.0005)
    (-0.004977569126 0.0916780558 -0.0005)
    (-0.004988435623 0.09184260502 -0.0005)
    (-0.004999447379 0.09200935387 -0.0005)
    (-0.005010606335 0.09217833174 -0.0005)
    (-0.005021914459 0.09234956843 -0.0005)
    (-0.005033373744 0.09252309413 -0.0005)
    (-0.005044986213 0.09269893945 -0.0005)
    (-0.005056753911 0.09287713539 -0.0005)
    (-0.005068678915 0.09305771338 -0.0005)
    (-0.005080763327 0.09324070524 -0.0005)
    (-0.005093009277 0.09342614326 -0.0005)
    (-0.005105418927 0.09361406012 -0.0005)
    (-0.005117994462 0.09380448898 -0.0005)
    (-0.005130738102 0.09399746341 -0.0005)
    (-0.005143652093 0.09419301743 -0.0005)
    (-0.005156738712 0.09439118552 -0.0005)
    (-0.005170000268 0.09459200265 -0.0005)
    (-0.005183439098 0.0947955042 -0.0005)
    (-0.005197057573 0.09500172607 -0.0005)
    (-0.005210858092 0.09521070462 -0.0005)
    (-0.005224843091 0.0954224767 -0.0005)
    (-0.005239015035 0.09563707965 -0.0005)
    (-0.005253376424 0.09585455132 -0.0005)
    (-0.005267929788 0.09607493005 -0.0005)
    (-0.005282677695 0.09629825471 -0.0005)
    (-0.005297622747 0.09652456467 -0.0005)
    (-0.005312767576 0.09675389983 -0.0005)
    (-0.005328114855 0.09698630065 -0.0005)
    (-0.005343667288 0.0972218081 -0.0005)
    (-0.005359427621 0.0974604637 -0.0005)
    (-0.00537539863 0.09770230955 -0.0005)
    (-0.005391583133 0.09794738827 -0.0005)
    (-0.005407983983 0.0981957431 -0.0005)
    (-0.005424604071 0.09844741783 -0.0005)
    (-0.005441446329 0.09870245683 -0.0005)
    (-0.005458513728 0.09896090507 -0.0005)
    (-0.005475809275 0.09922280814 -0.0005)
    (-0.005493336022 0.0994882122 -0.0005)
    (-0.005511097059 0.09975716407 -0.0005)
    (-0.005529095516 0.1000297112 -0.0005)
    (-0.005547334568 0.1003059016 -0.0005)
    (-0.005565817433 0.1005857839 -0.0005)
    (-0.005584547368 0.1008694076 -0.0005)
    (-0.005603527676 0.1011568227 -0.0005)
    (-0.005622761705 0.1014480798 -0.0005)
    (-0.005642252845 0.1017432303 -0.0005)
    (-0.005662004534 0.1020423263 -0.0005)
    (-0.005682020255 0.1023454204 -0.0005)
    (-0.005702303537 0.1026525661 -0.0005)
    (-0.005722857956 0.1029638176 -0.0005)
    (-0.005743687139 0.1032792298 -0.0005)
    (-0.005764794755 0.1035988583 -0.0005)
    (-0.005786184529 0.1039227594 -0.0005)
    (-0.005807860232 0.1042509903 -0.0005)
    (-0.005829825685 0.1045836088 -0.0005)
    (-0.005852084763 0.1049206736 -0.0005)
    (-0.005874641391 0.1052622442 -0.0005)
    (-0.005897499545 0.1056083808 -0.0005)
    (-0.005920663256 0.1059591443 -0.0005)
    (-0.00594413661 0.1063145967 -0.0005)
    (-0.005967923744 0.1066748005 -0.0005)
    (-0.005992028855 0.1070398195 -0.0005)
    (-0.006016456192 0.1074097178 -0.0005)
    (-0.006041210062 0.1077845608 -0.0005)
    (-0.006066294831 0.1081644145 -0.0005)
    (-0.006091714922 0.1085493459 -0.0005)
    (-0.006117474818 0.108939423 -0.0005)
    (-0.006143579059 0.1093347143 -0.0005)
    (-0.00617003225 0.1097352898 -0.0005)
    (-0.006196839056 0.11014122 -0.0005)
    (-0.006224004202 0.1105525764 -0.0005)
    (-0.006251532481 0.1109694317 -0.0005)
    (-0.006279428745 0.1113918593 -0.0005)
    (-0.006307697914 0.1118199338 -0.0005)
    (-0.006336344972 0.1122537305 -0.0005)
    (-0.006365374971 0.1126933261 -0.0005)
    (-0.00639479303 0.1131387979 -0.0005)
    (-0.006424604336 0.1135902247 -0.0005)
    (-0.006454814147 0.1140476859 -0.0005)
    (-0.006485427788 0.1145112622 -0.0005)
    (-0.006516450659 0.1149810354 -0.0005)
    (-0.006547888229 0.1154570884 -0.0005)
    (-0.006579746043 0.115939505 -0.0005)
    (-0.006612029717 0.1164283702 -0.0005)
    (-0.006644744946 0.1169237705 -0.0005)
    (-0.006677897496 0.117425793 -0.0005)
    (-0.006711493215 0.1179345264 -0.0005)
    (-0.006745538026 0.1184500602 -0.0005)
    (-0.006780037933 0.1189724856 -0.0005)
    (-0.00681499902 0.1195018944 -0.0005)
    (-0.006850427449 0.1200383801 -0.0005)
    (-0.006886329471 0.1205820373 -0.0005)
    (-0.006922711414 0.1211329619 -0.0005)
    (-0.006959579695 0.121691251 -0.0005)
    (-0.006996940814 0.1222570031 -0.0005)
    (-0.007034801359 0.1228303179 -0.0005)
    (-0.007073168008 0.1234112964 -0.0005)
    (-0.007112047525 0.1240000413 -0.0005)
    (-0.007151446765 0.1245966562 -0.0005)
    (-0.007191372677 0.1252012464 -0.0005)
    (-0.0072318323 0.1258139186 -0.0005)
    (-0.007272832769 0.1264347806 -0.0005)
    (-0.007314381314 0.127063942 -0.0005)
    (-0.007356485261 0.1277015137 -0.0005)
    (-0.007399152035 0.1283476083 -0.0005)
    (-0.007442389158 0.1290023396 -0.0005)
    (-0.007486204256 0.129665823 -0.0005)
    (-0.007530605055 0.1303381755 -0.0005)
    (-0.007575599383 0.1310195157 -0.0005)
    (-0.007621195175 0.1317099638 -0.0005)
    (-0.007667400471 0.1324096415 -0.0005)
    (-0.007714223419 0.1331186722 -0.0005)
    (-0.007761672274 0.1338371808 -0.0005)
    (-0.007809755405 0.1345652942 -0.0005)
    (-0.007858481289 0.1353031407 -0.0005)
    (-0.007907858519 0.1360508503 -0.0005)
    (-0.007957895801 0.136808555 -0.0005)
    (-0.008008601959 0.1375763883 -0.0005)
    (-0.008059985934 0.1383544857 -0.0005)
    (-0.008112056786 0.1391429844 -0.0005)
    (-0.008164823698 0.1399420233 -0.0005)
    (-0.008218295975 0.1407517435 -0.0005)
    (-0.008272483046 0.1415722876 -0.0005)
    (-0.008327394464 0.1424038004 -0.0005)
    (-0.008383039913 0.1432464284 -0.0005)
    (-0.008439429205 0.1441003203 -0.0005)
    (-0.008496572284 0.1449656267 -0.0005)
    (-0.008554479225 0.1458425001 -0.0005)
    (-0.008613160242 0.1467310952 -0.0005)
    (-0.008672625678 0.1476315686 -0.0005)
    (-0.008732886023 0.1485440791 -0.0005)
    (-0.0087939519 0.1494687876 -0.0005)
    (-0.008855834078 0.1504058573 -0.0005)
    (-0.008918543469 0.1513554532 -0.0005)
    (-0.008982091131 0.152317743 -0.0005)
    (-0.00904648827 0.1532928961 -0.0005)
    (-0.00911174624 0.1542810847 -0.0005)
    (-0.009177876549 0.1552824829 -0.0005)
    (-0.009244890859 0.1562972674 -0.0005)
    (-0.009312800986 0.157325617 -0.0005)
    (-0.009381618904 0.1583677132 -0.0005)
    (-0.009451356748 0.1594237397 -0.0005)
    (-0.009522026818 0.1604938826 -0.0005)
    (-0.009593641573 0.1615783307 -0.0005)
    (-0.009666213641 0.1626772752 -0.0005)
    (-0.009739755821 0.1637909099 -0.0005)
    (-0.009814281078 0.1649194312 -0.0005)
    (-0.009889802555 0.1660630381 -0.0005)
    (-0.009966333571 0.1672219321 -0.0005)
    (-0.01004388762 0.1683963177 -0.0005)
    (-0.01012247838 0.1695864021 -0.0005)
    (-0.0102021197 0.1707923949 -0.0005)
    (-0.01028282562 0.1720145088 -0.0005)
    (-0.01036461039 0.1732529595 -0.0005)
    (-0.01044748843 0.1745079651 -0.0005)
    (-0.01053147433 0.1757797471 -0.0005)
    (-0.01061658292 0.1770685298 -0.0005)
    (-0.01070282921 0.1783745403 -0.0005)
    (-0.0107902284 0.179698009 -0.0005)
    (-0.01087879589 0.1810391692 -0.0005)
    (-0.01096854733 0.1823982574 -0.0005)
    (-0.01105949852 0.1837755133 -0.0005)
    (-0.0111516655 0.1851711797 -0.0005)
    (-0.01124506452 0.1865855029 -0.0005)
    (-0.01133971207 0.1880187319 -0.0005)
    (-0.01143562482 0.1894711198 -0.0005)
    (-0.01153281969 0.1909429225 -0.0005)
    (-0.01163131382 0.1924343997 -0.0005)
    (-0.01173112457 0.1939458142 -0.0005)
    (-0.01183226954 0.1954774326 -0.0005)
    (-0.01193476658 0.197029525 -0.0005)
    (-0.01203863375 0.1986023651 -0.0005)
    (-0.01214388937 0.2001962301 -0.0005)
    (-0.01225055199 0.2018114013 -0.0005)
    (-0.01235864044 0.2034481633 -0.0005)
    (-0.01246817376 0.2051068049 -0.0005)
    (-0.01257917128 0.2067876183 -0.0005)
    (-0.01269165256 0.2084909002 -0.0005)
    (-0.01280563744 0.2102169507 -0.0005)
    (-0.01292114602 0.2119660744 -0.0005)
    (-0.01303819867 0.2137385796 -0.0005)
    (-0.01315681602 0.2155347787 -0.0005)
    (-0.013277019 0.2173549887 -0.0005)
    (-0.01339882879 0.2191995303 -0.0005)
    (-0.01352226688 0.221068729 -0.0005)
    (-0.01364735503 0.2229629143 -0.0005)
    (-0.01377411532 0.2248824202 -0.0005)
    (-0.01390257007 0.2268275852 -0.0005)
    (-0.01403274194 0.2287987523 -0.0005)
    (-0.0141646539 0.2307962691 -0.0005)
    (-0.0142983292 0.2328204877 -0.0005)
    (-0.0144337914 0.2348717652 -0.0005)
    (-0.01457106441 0.2369504632 -0.0005)
    (-0.01471017242 0.2390569484 -0.0005)
    (-0.01485113996 0.2411915921 -0.0005)
    (-0.01499399189 0.2433547707 -0.0005)
    (-0.0151387534 0.2455468657 -0.0005)
    (-0.01528545002 0.2477682637 -0.0005)
    (-0.01543410762 0.2500193563 -0.0005)
    (-0.0155847524 0.2523005405 -0.0005)
    (-0.01573741093 0.2546122185 -0.0005)
    (-0.01589211013 0.256954798 -0.0005)
    (-0.01604887728 0.2593286921 -0.0005)
    (-0.01620774002 0.2617343194 -0.0005)
    (-0.01636872637 0.2641721039 -0.0005)
    (-0.01653186471 0.2666424755 -0.0005)
    (-0.01669718381 0.2691458701 -0.0005)
    (-0.01686471282 0.2716827289 -0.0005)
    (-0.01703448128 0.2742534993 -0.0005)
    (-0.01720651914 0.2768586346 -0.0005)
    (-0.01738085671 0.2794985942 -0.0005)
    (-0.01755752476 0.2821738435 -0.0005)
    (-0.01773655442 0.2848848543 -0.0005)
    (-0.01791797727 0.2876321048 -0.0005)
    (-0.0181018253 0.2904160792 -0.0005)
    (-0.01828813092 0.2932372685 -0.0005)
    (-0.01847692699 0.2960961703 -0.0005)
    (-0.01866824681 0.2989932885 -0.0005)
    (-0.0188621241 0.3019291341 -0.0005)
    (-0.01905859305 0.3049042248 -0.0005)
    (-0.01925768832 0.3079190851 -0.0005)
    (-0.019459445 0.3109742467 -0.0005)
    (-0.01966389867 0.3140702483 -0.0005)
    (-0.01987108539 0.3172076359 -0.0005)
    (-0.02008104168 0.3203869627 -0.0005)
    (-0.02029380458 0.3236087893 -0.0005)
    (-0.02050941159 0.3268736837 -0.0005)
    (-0.02072790074 0.3301822219 -0.0005)
    (-0.02094931056 0.3335349871 -0.0005)
    (-0.02117368008 0.3369325705 -0.0005)
    (-0.02140104887 0.3403755713 -0.0005)
    (-0.02163145702 0.3438645965 -0.0005)
    (-0.02186494517 0.3474002615 -0.0005)
    (-0.02210155449 0.3509831896 -0.0005)
    (-0.02234132668 0.3546140127 -0.0005)
    (-0.02258430405 0.3582933711 -0.0005)
    (-0.0228296023 0.3620078743 0.0005)
    (-0.02307560823 0.3657330936 0.0005)
    (-0.02332161417 0.3694583129 0.0005)
    (-0.02356762009 0.3731835321 0.0005)
    (-0.02381362602 0.3769087515 0.0005)
    (-0.02405963196 0.3806339707 0.0005)
    (-0.02430563789 0.38435919 0.0005)
    (-0.02455164383 0.3880844093 0.0005)
    (-0.02479764975 0.3918096286 0.0005)
    (-0.02504365568 0.3955348479 0.0005)
    (-0.02528966162 0.3992600673 0.0005)
    (-0.02553566754 0.4029852865 0.0005)
    (-0.02578167347 0.4067105059 0.0005)
    (-0.02602767941 0.4104357251 0.0005)
    (-0.02627368533 0.4141609445 0.0005)
    (-0.02651969126 0.4178861638 0.0005)
    (-0.0267656972 0.4216113831 0.0005)
    (-0.02701170313 0.4253366025 0.0005)
    (-0.02725770906 0.4290618218 0.0005)
    (-0.027503715 0.432787041 0.0005)
    (-0.02774972092 0.4365122604 0.0005)
    (-0.02799572685 0.4402374796 0.0005)
    (-0.02824173279 0.4439626989 0.0005)
    (-0.02848773871 0.4476879183 0.0005)
    (-0.02873374464 0.4514131376 0.0005)
    (-0.02897975058 0.4551383569 0.0005)
    (-0.02922575651 0.4588635762 0.0005)
    (-0.02947176243 0.4625887954 0.0005)
    (-0.02971776837 0.4663140148 0.0005)
    (-0.0299637743 0.4700392341 0.0005)
    (-0.03020978022 0.4737644534 0.0005)
    (-0.03045578616 0.4774896727 0.0005)
    (-0.03070179209 0.481214892 0.0005)
    (-0.03094779803 0.4849401113 0.0005)
    (-0.03119380396 0.4886653305 0.0005)
    (-0.03143980989 0.4923905498 0.0005)
    (-0.03168581581 0.4961157691 0.0005)
    (-0.03193182174 0.4998409884 0.0005)
    (-0.03217782767 0.5035662077 0.0005)
    (-0.03242383361 0.507291427 0.0005)
    (-0.03266983954 0.5110166463 0.0005)
    (-0.03291584546 0.5147418656 0.0005)
    (-0.03316185139 0.5184670849 0.0005)
    (-0.03340785733 0.5221923043 0.0005)
    (-0.03365386327 0.5259175236 0.0005)
    (-0.0338998692 0.5296427429 0.0005)
    (-0.03414587513 0.5333679623 0.0005)
    (-0.03439188106 0.5370931815 0.0005)
    (-0.03463788698 0.5408184008 0.0005)
    (-0.03488389291 0.5445436202 0.0005)
    (-0.03512989885 0.5482688394 0.0005)
    (-0.03537590478 0.5519940587 0.0005)
    (-0.03562191071 0.555719278 0.0005)
    (-0.03586791664 0.5594444973 0.0005)
    (-0.03611392256 0.5631697166 0.0005)
    (-0.03635992849 0.5668949359 0.0005)
    (-0.03660593443 0.5706201553 0.0005)
    (-0.03685194037 0.5743453746 0.0005)
    (-0.0370979463 0.5780705938 0.0005)
    (-0.03734395222 0.5817958132 0.0005)
    (-0.03758995815 0.5855210324 0.0005)
    (-0.03783596408 0.5892462518 0.0005)
    (-0.03808197002 0.5929714711 0.0005)
    (-0.03832797595 0.5966966903 0.0005)
    (-0.03857398188 0.6004219096 0.0005)
    (-0.0388199878 0.604147129 0.0005)
    (-0.03906599373 0.6078723482 0.0005)
    (-0.03931199966 0.6115975675 0.0005)
    (-0.0395580056 0.6153227868 0.0005)
    (-0.03980401154 0.6190480061 0.0005)
    (-0.04005001747 0.6227732254 0.0005)
    (-0.04029602339 0.6264984447 0.0005)
    (-0.04054202932 0.6302236641 0.0005)
    (-0.04078803526 0.6339488835 0.0005)
    (-0.04103404119 0.6376741027 0.0005)
    (-0.0228296023 0.3620078743 -0.0005)
    (-0.02307560823 0.3657330936 -0.0005)
    (-0.02332161417 0.3694583129 -0.0005)
    (-0.02356762009 0.3731835321 -0.0005)
    (-0.02381362602 0.3769087515 -0.0005)
    (-0.02405963196 0.3806339707 -0.0005)
    (-0.02430563789 0.38435919 -0.0005)
    (-0.02455164383 0.3880844093 -0.0005)
    (-0.02479764975 0.3918096286 -0.0005)
    (-0.02504365568 0.3955348479 -0.0005)
    (-0.02528966162 0.3992600673 -0.0005)
    (-0.02553566754 0.4029852865 -0.0005)
    (-0.02578167347 0.4067105059 -0.0005)
    (-0.02602767941 0.4104357251 -0.0005)
    (-0.02627368533 0.4141609445 -0.0005)
    (-0.02651969126 0.4178861638 -0.0005)
    (-0.0267656972 0.4216113831 -0.0005)
    (-0.02701170313 0.4253366025 -0.0005)
    (-0.02725770906 0.4290618218 -0.0005)
    (-0.027503715 0.432787041 -0.0005)
    (-0.02774972092 0.4365122604 -0.0005)
    (-0.02799572685 0.4402374796 -0.0005)
    (-0.02824173279 0.4439626989 -0.0005)
    (-0.02848773871 0.4476879183 -0.0005)
    (-0.02873374464 0.4514131376 -0.0005)
    (-0.02897975058 0.4551383569 -0.0005)
    (-0.02922575651 0.4588635762 -0.0005)
    (-0.02947176243 0.4625887954 -0.0005)
    (-0.02971776837 0.4663140148 -0.0005)
    (-0.0299637743 0.4700392341 -0.0005)
    (-0.03020978022 0.4737644534 -0.0005)
    (-0.03045578616 0.4774896727 -0.0005)
    (-0.03070179209 0.481214892 -0.0005)
    (-0.03094779803 0.4849401113 -0.0005)
    (-0.03119380396 0.4886653305 -0.0005)
    (-0.03143980989 0.4923905498 -0.0005)
    (-0.03168581581 0.4961157691 -0.0005)
    (-0.03193182174 0.4998409884 -0.0005)
    (-0.03217782767 0.5035662077 -0.0005)
    (-0.03242383361 0.507291427 -0.0005)
    (-0.03266983954 0.5110166463 -0.0005)
    (-0.03291584546 0.5147418656 -0.0005)
    (-0.03316185139 0.5184670849 -0.0005)
    (-0.03340785733 0.5221923043 -0.0005)
    (-0.03365386327 0.5259175236 -0.0005)
    (-0.0338998692 0.5296427429 -0.0005)
    (-0.03414587513 0.5333679623 -0.0005)
    (-0.03439188106 0.5370931815 -0.0005)
    (-0.03463788698 0.5408184008 -0.0005)
    (-0.03488389291 0.5445436202 -0.0005)
    (-0.03512989885 0.5482688394 -0.0005)
    (-0.03537590478 0.5519940587 -0.0005)
    (-0.03562191071 0.555719278 -0.0005)
    (-0.03586791664 0.5594444973 -0.0005)
    (-0.03611392256 0.5631697166 -0.0005)
    (-0.03635992849 0.5668949359 -0.0005)
    (-0.03660593443 0.5706201553 -0.0005)
    (-0.03685194037 0.5743453746 -0.0005)
    (-0.0370979463 0.5780705938 -0.0005)
    (-0.03734395222 0.5817958132 -0.0005)
    (-0.03758995815 0.5855210324 -0.0005)
    (-0.03783596408 0.5892462518 -0.0005)
    (-0.03808197002 0.5929714711 -0.0005)
    (-0.03832797595 0.5966966903 -0.0005)
    (-0.03857398188 0.6004219096 -0.0005)
    (-0.0388199878 0.604147129 -0.0005)
    (-0.03906599373 0.6078723482 -0.0005)
    (-0.03931199966 0.6115975675 -0.0005)
    (-0.0395580056 0.6153227868 -0.0005)
    (-0.03980401154 0.6190480061 -0.0005)
    (-0.04005001747 0.6227732254 -0.0005)
    (-0.04029602339 0.6264984447 -0.0005)
    (-0.04054202932 0.6302236641 -0.0005)
    (-0.04078803526 0.6339488835 -0.0005)
    (-0.04103404119 0.6376741027 -0.0005)
)
