950
(
    (-0.3755363142 -0.05674255038 0.0005)
    (-0.3755399757 -0.0567608714 0.0005)
    (-0.3755436863 -0.05677943732 0.0005)
    (-0.3755474463 -0.05679825142 0.0005)
    (-0.3755512566 -0.05681731702 0.0005)
    (-0.375555118 -0.05683663748 0.0005)
    (-0.3755590308 -0.05685621621 0.0005)
    (-0.3755629961 -0.05687605665 0.0005)
    (-0.3755670143 -0.05689616231 0.0005)
    (-0.3755710862 -0.05691653674 0.0005)
    (-0.3755752125 -0.05693718352 0.0005)
    (-0.3755793941 -0.05695810631 0.0005)
    (-0.3755836314 -0.05697930878 0.0005)
    (-0.3755879255 -0.05700079466 0.0005)
    (-0.3755922769 -0.05702256778 0.0005)
    (-0.3755966866 -0.05704463194 0.0005)
    (-0.3756011551 -0.05706699104 0.0005)
    (-0.3756056834 -0.05708964902 0.0005)
    (-0.3756102722 -0.05711260989 0.0005)
    (-0.3756149224 -0.05713587769 0.0005)
    (-0.3756196348 -0.05715945653 0.0005)
    (-0.3756244101 -0.05718335055 0.0005)
    (-0.3756292493 -0.05720756399 0.0005)
    (-0.3756341531 -0.05723210109 0.0005)
    (-0.3756391225 -0.0572569662 0.0005)
    (-0.3756441583 -0.05728216369 0.0005)
    (-0.3756492615 -0.05730769801 0.0005)
    (-0.3756544328 -0.05733357365 0.0005)
    (-0.3756596734 -0.0573597952 0.0005)
    (-0.3756649839 -0.05738636727 0.0005)
    (-0.3756703654 -0.05741329453 0.0005)
    (-0.375675819 -0.05744058175 0.0005)
    (-0.3756813453 -0.05746823373 0.0005)
    (-0.3756869455 -0.05749625535 0.0005)
    (-0.3756926206 -0.05752465155 0.0005)
    (-0.3756983716 -0.05755342734 0.0005)
    (-0.3757041994 -0.05758258779 0.0005)
    (-0.3757101052 -0.05761213804 0.0005)
    (-0.3757160899 -0.05764208331 0.0005)
    (-0.3757221546 -0.05767242887 0.0005)
    (-0.3757283004 -0.05770318008 0.0005)
    (-0.3757345283 -0.05773434236 0.0005)
    (-0.3757408395 -0.0577659212 0.0005)
    (-0.375747235 -0.05779792217 0.0005)
    (-0.3757537161 -0.05783035092 0.0005)
    (-0.3757602837 -0.05786321316 0.0005)
    (-0.3757669391 -0.05789651468 0.0005)
    (-0.3757736836 -0.05793026137 0.0005)
    (-0.3757805182 -0.05796445916 0.0005)
    (-0.3757874441 -0.0579991141 0.0005)
    (-0.3757944626 -0.05803423229 0.0005)
    (-0.375801575 -0.05806981993 0.0005)
    (-0.3758087825 -0.05810588327 0.0005)
    (-0.3758160862 -0.0581424287 0.0005)
    (-0.3758234876 -0.05817946266 0.0005)
    (-0.375830988 -0.05821699167 0.0005)
    (-0.3758385886 -0.05825502235 0.0005)
    (-0.3758462907 -0.0582935614 0.0005)
    (-0.3758540959 -0.05833261563 0.0005)
    (-0.3758620054 -0.05837219191 0.0005)
    (-0.3758700206 -0.05841229724 0.0005)
    (-0.3758781431 -0.05845293867 0.0005)
    (-0.375886374 -0.05849412339 0.0005)
    (-0.3758947149 -0.05853585863 0.0005)
    (-0.3759031674 -0.05857815178 0.0005)
    (-0.3759117329 -0.05862101028 0.0005)
    (-0.3759204128 -0.0586644417 0.0005)
    (-0.3759292088 -0.05870845369 0.0005)
    (-0.3759381224 -0.05875305401 0.0005)
    (-0.3759471551 -0.05879825052 0.0005)
    (-0.3759563086 -0.05884405121 0.0005)
    (-0.3759655844 -0.05889046414 0.0005)
    (-0.3759749843 -0.05893749749 0.0005)
    (-0.3759845097 -0.05898515957 0.0005)
    (-0.3759941625 -0.05903345876 0.0005)
    (-0.3760039444 -0.05908240361 0.0005)
    (-0.376013857 -0.05913200272 0.0005)
    (-0.3760239021 -0.05918226485 0.0005)
    (-0.3760340815 -0.05923319887 0.0005)
    (-0.376044397 -0.05928481374 0.0005)
    (-0.3760548503 -0.05933711859 0.0005)
    (-0.3760654434 -0.05939012261 0.0005)
    (-0.3760761782 -0.05944383517 0.0005)
    (-0.3760870564 -0.05949826574 0.0005)
    (-0.37609808 -0.05955342392 0.0005)
    (-0.376109251 -0.05960931942 0.0005)
    (-0.3761205712 -0.0596659621 0.0005)
    (-0.3761320429 -0.05972336196 0.0005)
    (-0.3761436678 -0.05978152911 0.0005)
    (-0.3761554482 -0.05984047382 0.0005)
    (-0.376167386 -0.05990020648 0.0005)
    (-0.3761794834 -0.05996073761 0.0005)
    (-0.3761917425 -0.06002207789 0.0005)
    (-0.3762041656 -0.06008423815 0.0005)
    (-0.3762167547 -0.06014722933 0.0005)
    (-0.376229512 -0.06021106256 0.0005)
    (-0.3762424399 -0.06027574908 0.0005)
    (-0.3762555406 -0.06034130029 0.0005)
    (-0.3762688164 -0.06040772777 0.0005)
    (-0.3762822697 -0.06047504321 0.0005)
    (-0.3762959028 -0.06054325851 0.0005)
    (-0.3763097183 -0.06061238567 0.0005)
    (-0.3763237183 -0.06068243689 0.0005)
    (-0.3763379055 -0.06075342452 0.0005)
    (-0.3763522823 -0.0608253611 0.0005)
    (-0.3763668514 -0.06089825928 0.0005)
    (-0.3763816152 -0.06097213193 0.0005)
    (-0.3763965763 -0.06104699208 0.0005)
    (-0.3764117374 -0.06112285292 0.0005)
    (-0.3764271012 -0.06119972784 0.0005)
    (-0.3764426704 -0.06127763039 0.0005)
    (-0.3764584477 -0.0613565743 0.0005)
    (-0.3764744359 -0.0614365735 0.0005)
    (-0.3764906379 -0.06151764209 0.0005)
    (-0.3765070564 -0.06159979438 0.0005)
    (-0.3765236943 -0.06168304483 0.0005)
    (-0.3765405547 -0.06176740814 0.0005)
    (-0.3765576405 -0.06185289919 0.0005)
    (-0.3765749547 -0.06193953303 0.0005)
    (-0.3765925003 -0.06202732496 0.0005)
    (-0.3766102804 -0.06211629046 0.0005)
    (-0.3766282982 -0.0622064452 0.0005)
    (-0.3766465569 -0.06229780509 0.0005)
    (-0.3766650597 -0.06239038624 0.0005)
    (-0.3766838098 -0.06248420496 0.0005)
    (-0.3767028105 -0.06257927782 0.0005)
    (-0.3767220653 -0.06267562157 0.0005)
    (-0.3767415774 -0.0627732532 0.0005)
    (-0.3767613503 -0.06287218992 0.0005)
    (-0.3767813876 -0.06297244919 0.0005)
    (-0.3768016927 -0.06307404867 0.0005)
    (-0.3768222692 -0.0631770063 0.0005)
    (-0.3768431209 -0.06328134021 0.0005)
    (-0.3768642512 -0.06338706881 0.0005)
    (-0.376885664 -0.06349421075 0.0005)
    (-0.376907363 -0.0636027849 0.0005)
    (-0.3769293522 -0.06371281043 0.0005)
    (-0.3769516352 -0.06382430673 0.0005)
    (-0.3769742161 -0.06393729346 0.0005)
    (-0.3769970988 -0.06405179055 0.0005)
    (-0.3770202875 -0.06416781819 0.0005)
    (-0.3770437861 -0.06428539683 0.0005)
    (-0.3770675988 -0.0644045472 0.0005)
    (-0.3770917299 -0.06452529033 0.0005)
    (-0.3771161835 -0.06464764749 0.0005)
    (-0.377140964 -0.06477164027 0.0005)
    (-0.3771660759 -0.06489729053 0.0005)
    (-0.3771915233 -0.06502462042 0.0005)
    (-0.3772173109 -0.06515365241 0.0005)
    (-0.3772434433 -0.06528440924 0.0005)
    (-0.377269925 -0.06541691396 0.0005)
    (-0.3772967606 -0.06555118994 0.0005)
    (-0.377323955 -0.06568726087 0.0005)
    (-0.3773515129 -0.06582515073 0.0005)
    (-0.3773794392 -0.06596488384 0.0005)
    (-0.3774077387 -0.06610648484 0.0005)
    (-0.3774364166 -0.0662499787 0.0005)
    (-0.3774654779 -0.06639539072 0.0005)
    (-0.3774949277 -0.06654274654 0.0005)
    (-0.3775247711 -0.06669207215 0.0005)
    (-0.3775550134 -0.06684339387 0.0005)
    (-0.37758566 -0.0669967384 0.0005)
    (-0.3776167163 -0.06715213276 0.0005)
    (-0.3776481877 -0.06730960437 0.0005)
    (-0.3776800798 -0.06746918099 0.0005)
    (-0.3777123982 -0.06763089075 0.0005)
    (-0.3777451486 -0.06779476218 0.0005)
    (-0.3777783369 -0.06796082417 0.0005)
    (-0.3778119688 -0.068129106 0.0005)
    (-0.3778460502 -0.06829963734 0.0005)
    (-0.3778805873 -0.06847244828 0.0005)
    (-0.377915586 -0.06864756926 0.0005)
    (-0.3779510525 -0.06882503119 0.0005)
    (-0.3779869932 -0.06900486534 0.0005)
    (-0.3780234143 -0.06918710345 0.0005)
    (-0.3780603223 -0.06937177762 0.0005)
    (-0.3780977236 -0.06955892044 0.0005)
    (-0.3781356249 -0.0697485649 0.0005)
    (-0.3781740329 -0.06994074444 0.0005)
    (-0.3782129542 -0.07013549295 0.0005)
    (-0.3782523959 -0.07033284476 0.0005)
    (-0.3782923647 -0.07053283469 0.0005)
    (-0.3783328679 -0.070735498 0.0005)
    (-0.3783739126 -0.07094087041 0.0005)
    (-0.3784155058 -0.07114898815 0.0005)
    (-0.3784576551 -0.07135988792 0.0005)
    (-0.3785003678 -0.0715736069 0.0005)
    (-0.3785436515 -0.07179018278 0.0005)
    (-0.3785875137 -0.07200965374 0.0005)
    (-0.3786319623 -0.07223205849 0.0005)
    (-0.3786770051 -0.07245743625 0.0005)
    (-0.37872265 -0.07268582676 0.0005)
    (-0.378768905 -0.07291727029 0.0005)
    (-0.3788157784 -0.07315180765 0.0005)
    (-0.3788632782 -0.0733894802 0.0005)
    (-0.3789114131 -0.07363032985 0.0005)
    (-0.3789601915 -0.07387439907 0.0005)
    (-0.3790096219 -0.0741217309 0.0005)
    (-0.379059713 -0.07437236895 0.0005)
    (-0.3791104737 -0.07462635741 0.0005)
    (-0.3791619131 -0.07488374107 0.0005)
    (-0.37921404 -0.07514456532 0.0005)
    (-0.3792668637 -0.07540887616 0.0005)
    (-0.3793203935 -0.07567672019 0.0005)
    (-0.3793746389 -0.07594814462 0.0005)
    (-0.3794296095 -0.07622319734 0.0005)
    (-0.3794853148 -0.07650192685 0.0005)
    (-0.3795417648 -0.07678438228 0.0005)
    (-0.3795989694 -0.07707061344 0.0005)
    (-0.3796569387 -0.07736067082 0.0005)
    (-0.3797156828 -0.07765460556 0.0005)
    (-0.3797752122 -0.07795246948 0.0005)
    (-0.3798355375 -0.0782543151 0.0005)
    (-0.3798966691 -0.07856019567 0.0005)
    (-0.3799586179 -0.07887016511 0.0005)
    (-0.3800213947 -0.07918427808 0.0005)
    (-0.3800850109 -0.07950258997 0.0005)
    (-0.3801494774 -0.0798251569 0.0005)
    (-0.3802148055 -0.08015203577 0.0005)
    (-0.3802810071 -0.08048328422 0.0005)
    (-0.3803480935 -0.08081896063 0.0005)
    (-0.3804160767 -0.08115912422 0.0005)
    (-0.3804849687 -0.08150383496 0.0005)
    (-0.3805547816 -0.08185315365 0.0005)
    (-0.3806255278 -0.08220714186 0.0005)
    (-0.3806972196 -0.08256586202 0.0005)
    (-0.3807698698 -0.0829293774 0.0005)
    (-0.3808434911 -0.08329775208 0.0005)
    (-0.3809180966 -0.08367105104 0.0005)
    (-0.3809936994 -0.08404934009 0.0005)
    (-0.3810703128 -0.08443268593 0.0005)
    (-0.3811479503 -0.08482115616 0.0005)
    (-0.3812266256 -0.08521481929 0.0005)
    (-0.3813063527 -0.08561374473 0.0005)
    (-0.3813871455 -0.08601800283 0.0005)
    (-0.3814690183 -0.08642766487 0.0005)
    (-0.3815519856 -0.08684280308 0.0005)
    (-0.3816360619 -0.08726349067 0.0005)
    (-0.3817212622 -0.08768980182 0.0005)
    (-0.3818076013 -0.08812181171 0.0005)
    (-0.3818950945 -0.08855959652 0.0005)
    (-0.3819837574 -0.08900323343 0.0005)
    (-0.3820736054 -0.08945280068 0.0005)
    (-0.3821646545 -0.08990837754 0.0005)
    (-0.3822569207 -0.09037004435 0.0005)
    (-0.3823504202 -0.09083788251 0.0005)
    (-0.3824451696 -0.09131197452 0.0005)
    (-0.3825411857 -0.09179240398 0.0005)
    (-0.3826384851 -0.0922792556 0.0005)
    (-0.3827370853 -0.09277261523 0.0005)
    (-0.3828370035 -0.09327256988 0.0005)
    (-0.3829382573 -0.09377920769 0.0005)
    (-0.3830408647 -0.094292618 0.0005)
    (-0.3831448437 -0.09481289135 0.0005)
    (-0.3832502127 -0.09534011948 0.0005)
    (-0.3833569901 -0.09587439537 0.0005)
    (-0.3834651949 -0.09641581321 0.0005)
    (-0.3835748461 -0.09696446848 0.0005)
    (-0.3836859631 -0.09752045792 0.0005)
    (-0.3837985655 -0.09808387958 0.0005)
    (-0.3839126731 -0.09865483281 0.0005)
    (-0.384028306 -0.09923341827 0.0005)
    (-0.3841454846 -0.09981973802 0.0005)
    (-0.3842642296 -0.1004138954 0.0005)
    (-0.384384562 -0.1010159952 0.0005)
    (-0.3845065029 -0.1016261437 0.0005)
    (-0.3846300739 -0.1022444483 0.0005)
    (-0.3847552967 -0.1028710181 0.0005)
    (-0.3848821935 -0.1035059636 0.0005)
    (-0.3850107865 -0.1041493968 0.0005)
    (-0.3851410985 -0.1048014312 0.0005)
    (-0.3852731524 -0.1054621816 0.0005)
    (-0.3854069716 -0.1061317646 0.0005)
    (-0.3855425797 -0.1068102983 0.0005)
    (-0.3856800005 -0.1074979023 0.0005)
    (-0.3858192582 -0.108194698 0.0005)
    (-0.3859603775 -0.1089008081 0.0005)
    (-0.3861033832 -0.1096163571 0.0005)
    (-0.3862483005 -0.1103414713 0.0005)
    (-0.386395155 -0.1110762785 0.0005)
    (-0.3865439727 -0.1118209082 0.0005)
    (-0.3866947796 -0.1125754918 0.0005)
    (-0.3868476024 -0.1133401623 0.0005)
    (-0.3870024682 -0.1141150547 0.0005)
    (-0.3871594041 -0.1149003054 0.0005)
    (-0.3873184378 -0.115696053 0.0005)
    (-0.3874795975 -0.1165024379 0.0005)
    (-0.3876429114 -0.117319602 0.0005)
    (-0.3878084085 -0.1181476897 0.0005)
    (-0.3879761178 -0.1189868469 0.0005)
    (-0.3881460691 -0.1198372215 0.0005)
    (-0.3883182922 -0.1206989636 0.0005)
    (-0.3884928174 -0.121572225 0.0005)
    (-0.3886696756 -0.1224571598 0.0005)
    (-0.3888488979 -0.1233539241 0.0005)
    (-0.3890305161 -0.1242626759 0.0005)
    (-0.3892145621 -0.1251835754 0.0005)
    (-0.3894010682 -0.1261167851 0.0005)
    (-0.3895900675 -0.1270624696 0.0005)
    (-0.3897815933 -0.1280207955 0.0005)
    (-0.3899756793 -0.1289919319 0.0005)
    (-0.3901723597 -0.12997605 0.0005)
    (-0.3903716693 -0.1309733234 0.0005)
    (-0.3905736431 -0.1319839278 0.0005)
    (-0.3907783169 -0.1330080416 0.0005)
    (-0.3909857267 -0.1340458452 0.0005)
    (-0.391195909 -0.1350975217 0.0005)
    (-0.3914089009 -0.1361632566 0.0005)
    (-0.39162474 -0.1372432377 0.0005)
    (-0.3918434643 -0.1383376555 0.0005)
    (-0.3920651125 -0.1394467031 0.0005)
    (-0.3922897236 -0.1405705758 0.0005)
    (-0.3925173371 -0.141709472 0.0005)
    (-0.3927479933 -0.1428635925 0.0005)
    (-0.3929817327 -0.1440331407 0.0005)
    (-0.3932185968 -0.1452183228 0.0005)
    (-0.3934586271 -0.1464193481 0.0005)
    (-0.393701866 -0.147636428 0.0005)
    (-0.3939483564 -0.1488697773 0.0005)
    (-0.3941981418 -0.1501196134 0.0005)
    (-0.3944512662 -0.1513861569 0.0005)
    (-0.3947077743 -0.1526696309 0.0005)
    (-0.3949677113 -0.1539702618 0.0005)
    (-0.395231123 -0.1552882789 0.0005)
    (-0.3954980558 -0.1566239146 0.0005)
    (-0.3957685569 -0.1579774046 0.0005)
    (-0.3960426739 -0.1593489874 0.0005)
    (-0.3963204552 -0.1607389049 0.0005)
    (-0.3966019498 -0.1621474023 0.0005)
    (-0.3968872072 -0.1635747277 0.0005)
    (-0.3971762777 -0.165021133 0.0005)
    (-0.3974692126 -0.1664868732 0.0005)
    (-0.3977660632 -0.1679722067 0.0005)
    (-0.398066882 -0.1694773955 0.0005)
    (-0.3983717219 -0.171002705 0.0005)
    (-0.3986806369 -0.1725484042 0.0005)
    (-0.3989936813 -0.1741147655 0.0005)
    (-0.3993109103 -0.1757020653 0.0005)
    (-0.3996323799 -0.1773105833 0.0005)
    (-0.3999581468 -0.1789406034 0.0005)
    (-0.4002882683 -0.1805924127 0.0005)
    (-0.4006228028 -0.1822663027 0.0005)
    (-0.4009618092 -0.1839625686 0.0005)
    (-0.4013053472 -0.1856815093 0.0005)
    (-0.4016534776 -0.1874234281 0.0005)
    (-0.4020062616 -0.189188632 0.0005)
    (-0.4023637614 -0.1909774324 0.0005)
    (-0.4027260402 -0.1927901447 0.0005)
    (-0.4030931616 -0.1946270885 0.0005)
    (-0.4034651907 -0.1964885877 0.0005)
    (-0.4038421928 -0.1983749706 0.0005)
    (-0.4042242346 -0.2002865698 0.0005)
    (-0.4046113832 -0.2022237225 0.0005)
    (-0.4050037072 -0.2041867701 0.0005)
    (-0.4054012755 -0.2061760588 0.0005)
    (-0.4058041583 -0.2081919395 0.0005)
    (-0.4062124268 -0.2102347675 0.0005)
    (-0.4066261527 -0.2123049032 0.0005)
    (-0.4070454091 -0.2144027114 0.0005)
    (-0.4074702701 -0.2165285622 0.0005)
    (-0.4079008103 -0.2186828304 0.0005)
    (-0.4083371058 -0.220865896 0.0005)
    (-0.4087792335 -0.2230781437 0.0005)
    (-0.4092272713 -0.2253199638 0.0005)
    (-0.4096812984 -0.2275917515 0.0005)
    (-0.4101413946 -0.2298939074 0.0005)
    (-0.4106076413 -0.2322268376 0.0005)
    (-0.4110801204 -0.2345909533 0.0005)
    (-0.4115589155 -0.2369866714 0.0005)
    (-0.4120441109 -0.2394144144 0.0005)
    (-0.4125357922 -0.2418746104 0.0005)
    (-0.4130340461 -0.2443676932 0.0005)
    (-0.4135389603 -0.2468941023 0.0005)
    (-0.4140506241 -0.2494542834 0.0005)
    (-0.4145691275 -0.2520486878 0.0005)
    (-0.4150945621 -0.254677773 0.0005)
    (-0.4156270204 -0.2573420027 0.0005)
    (-0.4161665964 -0.2600418465 0.0005)
    (-0.4167133852 -0.2627777807 0.0005)
    (-0.4172674832 -0.2655502875 0.0005)
    (-0.4178289881 -0.2683598561 0.0005)
    (-0.418397999 -0.2712069816 0.0005)
    (-0.4189746162 -0.2740921662 0.0005)
    (-0.4195589413 -0.2770159187 0.0005)
    (-0.4201510775 -0.2799787546 0.0005)
    (-0.4207511291 -0.2829811964 0.0005)
    (-0.4213592018 -0.2860237734 0.0005)
    (-0.421975403 -0.2891070223 0.0005)
    (-0.4225998413 -0.2922314865 0.0005)
    (-0.4232326268 -0.2953977173 0.0005)
    (-0.4238738711 -0.2986062728 0.0005)
    (-0.4245236873 -0.3018577187 0.0005)
    (-0.4251821899 -0.3051526286 0.0005)
    (-0.4258494951 -0.3084915833 0.0005)
    (-0.4265257205 -0.3118751717 0.0005)
    (-0.4272109853 -0.3153039902 0.0005)
    (-0.4279054105 -0.3187786438 0.0005)
    (-0.4286091184 -0.322299745 0.0005)
    (-0.4293222332 -0.3258679145 0.0005)
    (-0.4300448807 -0.3294837818 0.0005)
    (-0.3755363142 -0.05674255038 -0.0005)
    (-0.3755399757 -0.0567608714 -0.0005)
    (-0.3755436863 -0.05677943732 -0.0005)
    (-0.3755474463 -0.05679825142 -0.0005)
    (-0.3755512566 -0.05681731702 -0.0005)
    (-0.375555118 -0.05683663748 -0.0005)
    (-0.3755590308 -0.05685621621 -0.0005)
    (-0.3755629961 -0.05687605665 -0.0005)
    (-0.3755670143 -0.05689616231 -0.0005)
    (-0.3755710862 -0.05691653674 -0.0005)
    (-0.3755752125 -0.05693718352 -0.0005)
    (-0.3755793941 -0.05695810631 -0.0005)
    (-0.3755836314 -0.05697930878 -0.0005)
    (-0.3755879255 -0.05700079466 -0.0005)
    (-0.3755922769 -0.05702256778 -0.0005)
    (-0.3755966866 -0.05704463194 -0.0005)
    (-0.3756011551 -0.05706699104 -0.0005)
    (-0.3756056834 -0.05708964902 -0.0005)
    (-0.3756102722 -0.05711260989 -0.0005)
    (-0.3756149224 -0.05713587769 -0.0005)
    (-0.3756196348 -0.05715945653 -0.0005)
    (-0.3756244101 -0.05718335055 -0.0005)
    (-0.3756292493 -0.05720756399 -0.0005)
    (-0.3756341531 -0.05723210109 -0.0005)
    (-0.3756391225 -0.0572569662 -0.0005)
    (-0.3756441583 -0.05728216369 -0.0005)
    (-0.3756492615 -0.05730769801 -0.0005)
    (-0.3756544328 -0.05733357365 -0.0005)
    (-0.3756596734 -0.0573597952 -0.0005)
    (-0.3756649839 -0.05738636727 -0.0005)
    (-0.3756703654 -0.05741329453 -0.0005)
    (-0.375675819 -0.05744058175 -0.0005)
    (-0.3756813453 -0.05746823373 -0.0005)
    (-0.3756869455 -0.05749625535 -0.0005)
    (-0.3756926206 -0.05752465155 -0.0005)
    (-0.3756983716 -0.05755342734 -0.0005)
    (-0.3757041994 -0.05758258779 -0.0005)
    (-0.3757101052 -0.05761213804 -0.0005)
    (-0.3757160899 -0.05764208331 -0.0005)
    (-0.3757221546 -0.05767242887 -0.0005)
    (-0.3757283004 -0.05770318008 -0.0005)
    (-0.3757345283 -0.05773434236 -0.0005)
    (-0.3757408395 -0.0577659212 -0.0005)
    (-0.375747235 -0.05779792217 -0.0005)
    (-0.3757537161 -0.05783035092 -0.0005)
    (-0.3757602837 -0.05786321316 -0.0005)
    (-0.3757669391 -0.05789651468 -0.0005)
    (-0.3757736836 -0.05793026137 -0.0005)
    (-0.3757805182 -0.05796445916 -0.0005)
    (-0.3757874441 -0.0579991141 -0.0005)
    (-0.3757944626 -0.05803423229 -0.0005)
    (-0.375801575 -0.05806981993 -0.0005)
    (-0.3758087825 -0.05810588327 -0.0005)
    (-0.3758160862 -0.0581424287 -0.0005)
    (-0.3758234876 -0.05817946266 -0.0005)
    (-0.375830988 -0.05821699167 -0.0005)
    (-0.3758385886 -0.05825502235 -0.0005)
    (-0.3758462907 -0.0582935614 -0.0005)
    (-0.3758540959 -0.05833261563 -0.0005)
    (-0.3758620054 -0.05837219191 -0.0005)
    (-0.3758700206 -0.05841229724 -0.0005)
    (-0.3758781431 -0.05845293867 -0.0005)
    (-0.375886374 -0.05849412339 -0.0005)
    (-0.3758947149 -0.05853585863 -0.0005)
    (-0.3759031674 -0.05857815178 -0.0005)
    (-0.3759117329 -0.05862101028 -0.0005)
    (-0.3759204128 -0.0586644417 -0.0005)
    (-0.3759292088 -0.05870845369 -0.0005)
    (-0.3759381224 -0.05875305401 -0.0005)
    (-0.3759471551 -0.05879825052 -0.0005)
    (-0.3759563086 -0.05884405121 -0.0005)
    (-0.3759655844 -0.05889046414 -0.0005)
    (-0.3759749843 -0.05893749749 -0.0005)
    (-0.3759845097 -0.05898515957 -0.0005)
    (-0.3759941625 -0.05903345876 -0.0005)
    (-0.3760039444 -0.05908240361 -0.0005)
    (-0.376013857 -0.05913200272 -0.0005)
    (-0.3760239021 -0.05918226485 -0.0005)
    (-0.3760340815 -0.05923319887 -0.0005)
    (-0.376044397 -0.05928481374 -0.0005)
    (-0.3760548503 -0.05933711859 -0.0005)
    (-0.3760654434 -0.05939012261 -0.0005)
    (-0.3760761782 -0.05944383517 -0.0005)
    (-0.3760870564 -0.05949826574 -0.0005)
    (-0.37609808 -0.05955342392 -0.0005)
    (-0.376109251 -0.05960931942 -0.0005)
    (-0.3761205712 -0.0596659621 -0.0005)
    (-0.3761320429 -0.05972336196 -0.0005)
    (-0.3761436678 -0.05978152911 -0.0005)
    (-0.3761554482 -0.05984047382 -0.0005)
    (-0.376167386 -0.05990020648 -0.0005)
    (-0.3761794834 -0.05996073761 -0.0005)
    (-0.3761917425 -0.06002207789 -0.0005)
    (-0.3762041656 -0.06008423815 -0.0005)
    (-0.3762167547 -0.06014722933 -0.0005)
    (-0.376229512 -0.06021106256 -0.0005)
    (-0.3762424399 -0.06027574908 -0.0005)
    (-0.3762555406 -0.06034130029 -0.0005)
    (-0.3762688164 -0.06040772777 -0.0005)
    (-0.3762822697 -0.06047504321 -0.0005)
    (-0.3762959028 -0.06054325851 -0.0005)
    (-0.3763097183 -0.06061238567 -0.0005)
    (-0.3763237183 -0.06068243689 -0.0005)
    (-0.3763379055 -0.06075342452 -0.0005)
    (-0.3763522823 -0.0608253611 -0.0005)
    (-0.3763668514 -0.06089825928 -0.0005)
    (-0.3763816152 -0.06097213193 -0.0005)
    (-0.3763965763 -0.06104699208 -0.0005)
    (-0.3764117374 -0.06112285292 -0.0005)
    (-0.3764271012 -0.06119972784 -0.0005)
    (-0.3764426704 -0.06127763039 -0.0005)
    (-0.3764584477 -0.0613565743 -0.0005)
    (-0.3764744359 -0.0614365735 -0.0005)
    (-0.3764906379 -0.06151764209 -0.0005)
    (-0.3765070564 -0.06159979438 -0.0005)
    (-0.3765236943 -0.06168304483 -0.0005)
    (-0.3765405547 -0.06176740814 -0.0005)
    (-0.3765576405 -0.06185289919 -0.0005)
    (-0.3765749547 -0.06193953303 -0.0005)
    (-0.3765925003 -0.06202732496 -0.0005)
    (-0.3766102804 -0.06211629046 -0.0005)
    (-0.3766282982 -0.0622064452 -0.0005)
    (-0.3766465569 -0.06229780509 -0.0005)
    (-0.3766650597 -0.06239038624 -0.0005)
    (-0.3766838098 -0.06248420496 -0.0005)
    (-0.3767028105 -0.06257927782 -0.0005)
    (-0.3767220653 -0.06267562157 -0.0005)
    (-0.3767415774 -0.0627732532 -0.0005)
    (-0.3767613503 -0.06287218992 -0.0005)
    (-0.3767813876 -0.06297244919 -0.0005)
    (-0.3768016927 -0.06307404867 -0.0005)
    (-0.3768222692 -0.0631770063 -0.0005)
    (-0.3768431209 -0.06328134021 -0.0005)
    (-0.3768642512 -0.06338706881 -0.0005)
    (-0.376885664 -0.06349421075 -0.0005)
    (-0.376907363 -0.0636027849 -0.0005)
    (-0.3769293522 -0.06371281043 -0.0005)
    (-0.3769516352 -0.06382430673 -0.0005)
    (-0.3769742161 -0.06393729346 -0.0005)
    (-0.3769970988 -0.06405179055 -0.0005)
    (-0.3770202875 -0.06416781819 -0.0005)
    (-0.3770437861 -0.06428539683 -0.0005)
    (-0.3770675988 -0.0644045472 -0.0005)
    (-0.3770917299 -0.06452529033 -0.0005)
    (-0.3771161835 -0.06464764749 -0.0005)
    (-0.377140964 -0.06477164027 -0.0005)
    (-0.3771660759 -0.06489729053 -0.0005)
    (-0.3771915233 -0.06502462042 -0.0005)
    (-0.3772173109 -0.06515365241 -0.0005)
    (-0.3772434433 -0.06528440924 -0.0005)
    (-0.377269925 -0.06541691396 -0.0005)
    (-0.3772967606 -0.06555118994 -0.0005)
    (-0.377323955 -0.06568726087 -0.0005)
    (-0.3773515129 -0.06582515073 -0.0005)
    (-0.3773794392 -0.06596488384 -0.0005)
    (-0.3774077387 -0.06610648484 -0.0005)
    (-0.3774364166 -0.0662499787 -0.0005)
    (-0.3774654779 -0.06639539072 -0.0005)
    (-0.3774949277 -0.06654274654 -0.0005)
    (-0.3775247711 -0.06669207215 -0.0005)
    (-0.3775550134 -0.06684339387 -0.0005)
    (-0.37758566 -0.0669967384 -0.0005)
    (-0.3776167163 -0.06715213276 -0.0005)
    (-0.3776481877 -0.06730960437 -0.0005)
    (-0.3776800798 -0.06746918099 -0.0005)
    (-0.3777123982 -0.06763089075 -0.0005)
    (-0.3777451486 -0.06779476218 -0.0005)
    (-0.3777783369 -0.06796082417 -0.0005)
    (-0.3778119688 -0.068129106 -0.0005)
    (-0.3778460502 -0.06829963734 -0.0005)
    (-0.3778805873 -0.06847244828 -0.0005)
    (-0.377915586 -0.06864756926 -0.0005)
    (-0.3779510525 -0.06882503119 -0.0005)
    (-0.3779869932 -0.06900486534 -0.0005)
    (-0.3780234143 -0.06918710345 -0.0005)
    (-0.3780603223 -0.06937177762 -0.0005)
    (-0.3780977236 -0.06955892044 -0.0005)
    (-0.3781356249 -0.0697485649 -0.0005)
    (-0.3781740329 -0.06994074444 -0.0005)
    (-0.3782129542 -0.07013549295 -0.0005)
    (-0.3782523959 -0.07033284476 -0.0005)
    (-0.3782923647 -0.07053283469 -0.0005)
    (-0.3783328679 -0.070735498 -0.0005)
    (-0.3783739126 -0.07094087041 -0.0005)
    (-0.3784155058 -0.07114898815 -0.0005)
    (-0.3784576551 -0.07135988792 -0.0005)
    (-0.3785003678 -0.0715736069 -0.0005)
    (-0.3785436515 -0.07179018278 -0.0005)
    (-0.3785875137 -0.07200965374 -0.0005)
    (-0.3786319623 -0.07223205849 -0.0005)
    (-0.3786770051 -0.07245743625 -0.0005)
    (-0.37872265 -0.07268582676 -0.0005)
    (-0.378768905 -0.07291727029 -0.0005)
    (-0.3788157784 -0.07315180765 -0.0005)
    (-0.3788632782 -0.0733894802 -0.0005)
    (-0.3789114131 -0.07363032985 -0.0005)
    (-0.3789601915 -0.07387439907 -0.0005)
    (-0.3790096219 -0.0741217309 -0.0005)
    (-0.379059713 -0.07437236895 -0.0005)
    (-0.3791104737 -0.07462635741 -0.0005)
    (-0.3791619131 -0.07488374107 -0.0005)
    (-0.37921404 -0.07514456532 -0.0005)
    (-0.3792668637 -0.07540887616 -0.0005)
    (-0.3793203935 -0.07567672019 -0.0005)
    (-0.3793746389 -0.07594814462 -0.0005)
    (-0.3794296095 -0.07622319734 -0.0005)
    (-0.3794853148 -0.07650192685 -0.0005)
    (-0.3795417648 -0.07678438228 -0.0005)
    (-0.3795989694 -0.07707061344 -0.0005)
    (-0.3796569387 -0.07736067082 -0.0005)
    (-0.3797156828 -0.07765460556 -0.0005)
    (-0.3797752122 -0.07795246948 -0.0005)
    (-0.3798355375 -0.0782543151 -0.0005)
    (-0.3798966691 -0.07856019567 -0.0005)
    (-0.3799586179 -0.07887016511 -0.0005)
    (-0.3800213947 -0.07918427808 -0.0005)
    (-0.3800850109 -0.07950258997 -0.0005)
    (-0.3801494774 -0.0798251569 -0.0005)
    (-0.3802148055 -0.08015203577 -0.0005)
    (-0.3802810071 -0.08048328422 -0.0005)
    (-0.3803480935 -0.08081896063 -0.0005)
    (-0.3804160767 -0.08115912422 -0.0005)
    (-0.3804849687 -0.08150383496 -0.0005)
    (-0.3805547816 -0.08185315365 -0.0005)
    (-0.3806255278 -0.08220714186 -0.0005)
    (-0.3806972196 -0.08256586202 -0.0005)
    (-0.3807698698 -0.0829293774 -0.0005)
    (-0.3808434911 -0.08329775208 -0.0005)
    (-0.3809180966 -0.08367105104 -0.0005)
    (-0.3809936994 -0.08404934009 -0.0005)
    (-0.3810703128 -0.08443268593 -0.0005)
    (-0.3811479503 -0.08482115616 -0.0005)
    (-0.3812266256 -0.08521481929 -0.0005)
    (-0.3813063527 -0.08561374473 -0.0005)
    (-0.3813871455 -0.08601800283 -0.0005)
    (-0.3814690183 -0.08642766487 -0.0005)
    (-0.3815519856 -0.08684280308 -0.0005)
    (-0.3816360619 -0.08726349067 -0.0005)
    (-0.3817212622 -0.08768980182 -0.0005)
    (-0.3818076013 -0.08812181171 -0.0005)
    (-0.3818950945 -0.08855959652 -0.0005)
    (-0.3819837574 -0.08900323343 -0.0005)
    (-0.3820736054 -0.08945280068 -0.0005)
    (-0.3821646545 -0.08990837754 -0.0005)
    (-0.3822569207 -0.09037004435 -0.0005)
    (-0.3823504202 -0.09083788251 -0.0005)
    (-0.3824451696 -0.09131197452 -0.0005)
    (-0.3825411857 -0.09179240398 -0.0005)
    (-0.3826384851 -0.0922792556 -0.0005)
    (-0.3827370853 -0.09277261523 -0.0005)
    (-0.3828370035 -0.09327256988 -0.0005)
    (-0.3829382573 -0.09377920769 -0.0005)
    (-0.3830408647 -0.094292618 -0.0005)
    (-0.3831448437 -0.09481289135 -0.0005)
    (-0.3832502127 -0.09534011948 -0.0005)
    (-0.3833569901 -0.09587439537 -0.0005)
    (-0.3834651949 -0.09641581321 -0.0005)
    (-0.3835748461 -0.09696446848 -0.0005)
    (-0.3836859631 -0.09752045792 -0.0005)
    (-0.3837985655 -0.09808387958 -0.0005)
    (-0.3839126731 -0.09865483281 -0.0005)
    (-0.384028306 -0.09923341827 -0.0005)
    (-0.3841454846 -0.09981973802 -0.0005)
    (-0.3842642296 -0.1004138954 -0.0005)
    (-0.384384562 -0.1010159952 -0.0005)
    (-0.3845065029 -0.1016261437 -0.0005)
    (-0.3846300739 -0.1022444483 -0.0005)
    (-0.3847552967 -0.1028710181 -0.0005)
    (-0.3848821935 -0.1035059636 -0.0005)
    (-0.3850107865 -0.1041493968 -0.0005)
    (-0.3851410985 -0.1048014312 -0.0005)
    (-0.3852731524 -0.1054621816 -0.0005)
    (-0.3854069716 -0.1061317646 -0.0005)
    (-0.3855425797 -0.1068102983 -0.0005)
    (-0.3856800005 -0.1074979023 -0.0005)
    (-0.3858192582 -0.108194698 -0.0005)
    (-0.3859603775 -0.1089008081 -0.0005)
    (-0.3861033832 -0.1096163571 -0.0005)
    (-0.3862483005 -0.1103414713 -0.0005)
    (-0.386395155 -0.1110762785 -0.0005)
    (-0.3865439727 -0.1118209082 -0.0005)
    (-0.3866947796 -0.1125754918 -0.0005)
    (-0.3868476024 -0.1133401623 -0.0005)
    (-0.3870024682 -0.1141150547 -0.0005)
    (-0.3871594041 -0.1149003054 -0.0005)
    (-0.3873184378 -0.115696053 -0.0005)
    (-0.3874795975 -0.1165024379 -0.0005)
    (-0.3876429114 -0.117319602 -0.0005)
    (-0.3878084085 -0.1181476897 -0.0005)
    (-0.3879761178 -0.1189868469 -0.0005)
    (-0.3881460691 -0.1198372215 -0.0005)
    (-0.3883182922 -0.1206989636 -0.0005)
    (-0.3884928174 -0.121572225 -0.0005)
    (-0.3886696756 -0.1224571598 -0.0005)
    (-0.3888488979 -0.1233539241 -0.0005)
    (-0.3890305161 -0.1242626759 -0.0005)
    (-0.3892145621 -0.1251835754 -0.0005)
    (-0.3894010682 -0.1261167851 -0.0005)
    (-0.3895900675 -0.1270624696 -0.0005)
    (-0.3897815933 -0.1280207955 -0.0005)
    (-0.3899756793 -0.1289919319 -0.0005)
    (-0.3901723597 -0.12997605 -0.0005)
    (-0.3903716693 -0.1309733234 -0.0005)
    (-0.3905736431 -0.1319839278 -0.0005)
    (-0.3907783169 -0.1330080416 -0.0005)
    (-0.3909857267 -0.1340458452 -0.0005)
    (-0.391195909 -0.1350975217 -0.0005)
    (-0.3914089009 -0.1361632566 -0.0005)
    (-0.39162474 -0.1372432377 -0.0005)
    (-0.3918434643 -0.1383376555 -0.0005)
    (-0.3920651125 -0.1394467031 -0.0005)
    (-0.3922897236 -0.1405705758 -0.0005)
    (-0.3925173371 -0.141709472 -0.0005)
    (-0.3927479933 -0.1428635925 -0.0005)
    (-0.3929817327 -0.1440331407 -0.0005)
    (-0.3932185968 -0.1452183228 -0.0005)
    (-0.3934586271 -0.1464193481 -0.0005)
    (-0.393701866 -0.147636428 -0.0005)
    (-0.3939483564 -0.1488697773 -0.0005)
    (-0.3941981418 -0.1501196134 -0.0005)
    (-0.3944512662 -0.1513861569 -0.0005)
    (-0.3947077743 -0.1526696309 -0.0005)
    (-0.3949677113 -0.1539702618 -0.0005)
    (-0.395231123 -0.1552882789 -0.0005)
    (-0.3954980558 -0.1566239146 -0.0005)
    (-0.3957685569 -0.1579774046 -0.0005)
    (-0.3960426739 -0.1593489874 -0.0005)
    (-0.3963204552 -0.1607389049 -0.0005)
    (-0.3966019498 -0.1621474023 -0.0005)
    (-0.3968872072 -0.1635747277 -0.0005)
    (-0.3971762777 -0.165021133 -0.0005)
    (-0.3974692126 -0.1664868732 -0.0005)
    (-0.3977660632 -0.1679722067 -0.0005)
    (-0.398066882 -0.1694773955 -0.0005)
    (-0.3983717219 -0.171002705 -0.0005)
    (-0.3986806369 -0.1725484042 -0.0005)
    (-0.3989936813 -0.1741147655 -0.0005)
    (-0.3993109103 -0.1757020653 -0.0005)
    (-0.3996323799 -0.1773105833 -0.0005)
    (-0.3999581468 -0.1789406034 -0.0005)
    (-0.4002882683 -0.1805924127 -0.0005)
    (-0.4006228028 -0.1822663027 -0.0005)
    (-0.4009618092 -0.1839625686 -0.0005)
    (-0.4013053472 -0.1856815093 -0.0005)
    (-0.4016534776 -0.1874234281 -0.0005)
    (-0.4020062616 -0.189188632 -0.0005)
    (-0.4023637614 -0.1909774324 -0.0005)
    (-0.4027260402 -0.1927901447 -0.0005)
    (-0.4030931616 -0.1946270885 -0.0005)
    (-0.4034651907 -0.1964885877 -0.0005)
    (-0.4038421928 -0.1983749706 -0.0005)
    (-0.4042242346 -0.2002865698 -0.0005)
    (-0.4046113832 -0.2022237225 -0.0005)
    (-0.4050037072 -0.2041867701 -0.0005)
    (-0.4054012755 -0.2061760588 -0.0005)
    (-0.4058041583 -0.2081919395 -0.0005)
    (-0.4062124268 -0.2102347675 -0.0005)
    (-0.4066261527 -0.2123049032 -0.0005)
    (-0.4070454091 -0.2144027114 -0.0005)
    (-0.4074702701 -0.2165285622 -0.0005)
    (-0.4079008103 -0.2186828304 -0.0005)
    (-0.4083371058 -0.220865896 -0.0005)
    (-0.4087792335 -0.2230781437 -0.0005)
    (-0.4092272713 -0.2253199638 -0.0005)
    (-0.4096812984 -0.2275917515 -0.0005)
    (-0.4101413946 -0.2298939074 -0.0005)
    (-0.4106076413 -0.2322268376 -0.0005)
    (-0.4110801204 -0.2345909533 -0.0005)
    (-0.4115589155 -0.2369866714 -0.0005)
    (-0.4120441109 -0.2394144144 -0.0005)
    (-0.4125357922 -0.2418746104 -0.0005)
    (-0.4130340461 -0.2443676932 -0.0005)
    (-0.4135389603 -0.2468941023 -0.0005)
    (-0.4140506241 -0.2494542834 -0.0005)
    (-0.4145691275 -0.2520486878 -0.0005)
    (-0.4150945621 -0.254677773 -0.0005)
    (-0.4156270204 -0.2573420027 -0.0005)
    (-0.4161665964 -0.2600418465 -0.0005)
    (-0.4167133852 -0.2627777807 -0.0005)
    (-0.4172674832 -0.2655502875 -0.0005)
    (-0.4178289881 -0.2683598561 -0.0005)
    (-0.418397999 -0.2712069816 -0.0005)
    (-0.4189746162 -0.2740921662 -0.0005)
    (-0.4195589413 -0.2770159187 -0.0005)
    (-0.4201510775 -0.2799787546 -0.0005)
    (-0.4207511291 -0.2829811964 -0.0005)
    (-0.4213592018 -0.2860237734 -0.0005)
    (-0.421975403 -0.2891070223 -0.0005)
    (-0.4225998413 -0.2922314865 -0.0005)
    (-0.4232326268 -0.2953977173 -0.0005)
    (-0.4238738711 -0.2986062728 -0.0005)
    (-0.4245236873 -0.3018577187 -0.0005)
    (-0.4251821899 -0.3051526286 -0.0005)
    (-0.4258494951 -0.3084915833 -0.0005)
    (-0.4265257205 -0.3118751717 -0.0005)
    (-0.4272109853 -0.3153039902 -0.0005)
    (-0.4279054105 -0.3187786438 -0.0005)
    (-0.4286091184 -0.322299745 -0.0005)
    (-0.4293222332 -0.3258679145 -0.0005)
    (-0.4300448807 -0.3294837818 -0.0005)
    (-0.4307744307 -0.3331341876 0.0005)
    (-0.4315060855 -0.3367951245 0.0005)
    (-0.4322377403 -0.3404560614 0.0005)
    (-0.432969395 -0.3441169983 0.0005)
    (-0.4337010498 -0.3477779353 0.0005)
    (-0.4344327046 -0.3514388722 0.0005)
    (-0.4351643594 -0.355099809 0.0005)
    (-0.4358960141 -0.358760746 0.0005)
    (-0.4366276689 -0.3624216829 0.0005)
    (-0.4373593237 -0.3660826198 0.0005)
    (-0.4380909785 -0.3697435567 0.0005)
    (-0.4388226332 -0.3734044936 0.0005)
    (-0.439554288 -0.3770654305 0.0005)
    (-0.4402859427 -0.3807263674 0.0005)
    (-0.4410175975 -0.3843873044 0.0005)
    (-0.4417492523 -0.3880482413 0.0005)
    (-0.442480907 -0.3917091782 0.0005)
    (-0.4432125618 -0.3953701151 0.0005)
    (-0.4439442166 -0.3990310519 0.0005)
    (-0.4446758714 -0.4026919889 0.0005)
    (-0.4454075262 -0.4063529258 0.0005)
    (-0.4461391809 -0.4100138628 0.0005)
    (-0.4468708357 -0.4136747996 0.0005)
    (-0.4476024905 -0.4173357366 0.0005)
    (-0.4483341452 -0.4209966735 0.0005)
    (-0.4490658 -0.4246576103 0.0005)
    (-0.4497974547 -0.4283185473 0.0005)
    (-0.4505291095 -0.4319794841 0.0005)
    (-0.4512607643 -0.4356404211 0.0005)
    (-0.4519924191 -0.4393013581 0.0005)
    (-0.4527240739 -0.442962295 0.0005)
    (-0.4534557286 -0.4466232318 0.0005)
    (-0.4541873834 -0.4502841687 0.0005)
    (-0.4549190382 -0.4539451057 0.0005)
    (-0.4556506929 -0.4576060426 0.0005)
    (-0.4563823477 -0.4612669795 0.0005)
    (-0.4571140025 -0.4649279164 0.0005)
    (-0.4578456572 -0.4685888534 0.0005)
    (-0.458577312 -0.4722497903 0.0005)
    (-0.4593089668 -0.4759107271 0.0005)
    (-0.4600406216 -0.4795716641 0.0005)
    (-0.4607722763 -0.4832326009 0.0005)
    (-0.4615039311 -0.4868935379 0.0005)
    (-0.4622355859 -0.4905544748 0.0005)
    (-0.4629672406 -0.4942154117 0.0005)
    (-0.4636988954 -0.4978763486 0.0005)
    (-0.4644305502 -0.5015372855 0.0005)
    (-0.4651622049 -0.5051982225 0.0005)
    (-0.4658938597 -0.5088591594 0.0005)
    (-0.4666255145 -0.5125200963 0.0005)
    (-0.4673571693 -0.5161810331 0.0005)
    (-0.468088824 -0.51984197 0.0005)
    (-0.4688204788 -0.523502907 0.0005)
    (-0.4695521336 -0.527163844 0.0005)
    (-0.4702837883 -0.5308247808 0.0005)
    (-0.4710154431 -0.5344857177 0.0005)
    (-0.4717470979 -0.5381466547 0.0005)
    (-0.4724787527 -0.5418075916 0.0005)
    (-0.4732104074 -0.5454685285 0.0005)
    (-0.4739420622 -0.5491294653 0.0005)
    (-0.4746737169 -0.5527904023 0.0005)
    (-0.4754053717 -0.5564513393 0.0005)
    (-0.4761370265 -0.5601122762 0.0005)
    (-0.4768686813 -0.563773213 0.0005)
    (-0.477600336 -0.5674341499 0.0005)
    (-0.4783319908 -0.5710950868 0.0005)
    (-0.4790636456 -0.5747560238 0.0005)
    (-0.4797953004 -0.5784169607 0.0005)
    (-0.4805269551 -0.5820778976 0.0005)
    (-0.4812586099 -0.5857388345 0.0005)
    (-0.4819902646 -0.5893997714 0.0005)
    (-0.4827219194 -0.5930607084 0.0005)
    (-0.4834535742 -0.5967216453 0.0005)
    (-0.4841852289 -0.6003825821 0.0005)
    (-0.4849168837 -0.604043519 0.0005)
    (-0.4307744307 -0.3331341876 -0.0005)
    (-0.4315060855 -0.3367951245 -0.0005)
    (-0.4322377403 -0.3404560614 -0.0005)
    (-0.432969395 -0.3441169983 -0.0005)
    (-0.4337010498 -0.3477779353 -0.0005)
    (-0.4344327046 -0.3514388722 -0.0005)
    (-0.4351643594 -0.355099809 -0.0005)
    (-0.4358960141 -0.358760746 -0.0005)
    (-0.4366276689 -0.3624216829 -0.0005)
    (-0.4373593237 -0.3660826198 -0.0005)
    (-0.4380909785 -0.3697435567 -0.0005)
    (-0.4388226332 -0.3734044936 -0.0005)
    (-0.439554288 -0.3770654305 -0.0005)
    (-0.4402859427 -0.3807263674 -0.0005)
    (-0.4410175975 -0.3843873044 -0.0005)
    (-0.4417492523 -0.3880482413 -0.0005)
    (-0.442480907 -0.3917091782 -0.0005)
    (-0.4432125618 -0.3953701151 -0.0005)
    (-0.4439442166 -0.3990310519 -0.0005)
    (-0.4446758714 -0.4026919889 -0.0005)
    (-0.4454075262 -0.4063529258 -0.0005)
    (-0.4461391809 -0.4100138628 -0.0005)
    (-0.4468708357 -0.4136747996 -0.0005)
    (-0.4476024905 -0.4173357366 -0.0005)
    (-0.4483341452 -0.4209966735 -0.0005)
    (-0.4490658 -0.4246576103 -0.0005)
    (-0.4497974547 -0.4283185473 -0.0005)
    (-0.4505291095 -0.4319794841 -0.0005)
    (-0.4512607643 -0.4356404211 -0.0005)
    (-0.4519924191 -0.4393013581 -0.0005)
    (-0.4527240739 -0.442962295 -0.0005)
    (-0.4534557286 -0.4466232318 -0.0005)
    (-0.4541873834 -0.4502841687 -0.0005)
    (-0.4549190382 -0.4539451057 -0.0005)
    (-0.4556506929 -0.4576060426 -0.0005)
    (-0.4563823477 -0.4612669795 -0.0005)
    (-0.4571140025 -0.4649279164 -0.0005)
    (-0.4578456572 -0.4685888534 -0.0005)
    (-0.458577312 -0.4722497903 -0.0005)
    (-0.4593089668 -0.4759107271 -0.0005)
    (-0.4600406216 -0.4795716641 -0.0005)
    (-0.4607722763 -0.4832326009 -0.0005)
    (-0.4615039311 -0.4868935379 -0.0005)
    (-0.4622355859 -0.4905544748 -0.0005)
    (-0.4629672406 -0.4942154117 -0.0005)
    (-0.4636988954 -0.4978763486 -0.0005)
    (-0.4644305502 -0.5015372855 -0.0005)
    (-0.4651622049 -0.5051982225 -0.0005)
    (-0.4658938597 -0.5088591594 -0.0005)
    (-0.4666255145 -0.5125200963 -0.0005)
    (-0.4673571693 -0.5161810331 -0.0005)
    (-0.468088824 -0.51984197 -0.0005)
    (-0.4688204788 -0.523502907 -0.0005)
    (-0.4695521336 -0.527163844 -0.0005)
    (-0.4702837883 -0.5308247808 -0.0005)
    (-0.4710154431 -0.5344857177 -0.0005)
    (-0.4717470979 -0.5381466547 -0.0005)
    (-0.4724787527 -0.5418075916 -0.0005)
    (-0.4732104074 -0.5454685285 -0.0005)
    (-0.4739420622 -0.5491294653 -0.0005)
    (-0.4746737169 -0.5527904023 -0.0005)
    (-0.4754053717 -0.5564513393 -0.0005)
    (-0.4761370265 -0.5601122762 -0.0005)
    (-0.4768686813 -0.563773213 -0.0005)
    (-0.477600336 -0.5674341499 -0.0005)
    (-0.4783319908 -0.5710950868 -0.0005)
    (-0.4790636456 -0.5747560238 -0.0005)
    (-0.4797953004 -0.5784169607 -0.0005)
    (-0.4805269551 -0.5820778976 -0.0005)
    (-0.4812586099 -0.5857388345 -0.0005)
    (-0.4819902646 -0.5893997714 -0.0005)
    (-0.4827219194 -0.5930607084 -0.0005)
    (-0.4834535742 -0.5967216453 -0.0005)
    (-0.4841852289 -0.6003825821 -0.0005)
    (-0.4849168837 -0.604043519 -0.0005)
)
