1602
(
    (18.1293 0.145437 20.59)
    (18.1293 0.145437 20.59)
    (18.1285 0.146231 20.59)
    (18.1285 0.146231 20.59)
    (18.1278 0.147025 20.59)
    (18.1278 0.147025 20.59)
    (18.127 0.147818 20.59)
    (18.127 0.147818 20.59)
    (18.1262 0.148611 20.59)
    (18.1262 0.148611 20.59)
    (18.1255 0.149403 20.59)
    (18.1255 0.149403 20.59)
    (18.1247 0.150198 20.59)
    (18.1247 0.150198 20.59)
    (18.1239 0.150994 20.59)
    (18.1239 0.150994 20.59)
    (18.1232 0.15179 20.59)
    (18.1232 0.15179 20.59)
    (18.1224 0.152574 20.59)
    (18.1224 0.152574 20.59)
    (18.1216 0.15335 20.59)
    (18.1216 0.15335 20.59)
    (18.1208 0.154127 20.59)
    (18.1208 0.154127 20.59)
    (18.12 0.154905 20.59)
    (18.12 0.154905 20.59)
    (18.1192 0.155682 20.59)
    (18.1192 0.155682 20.59)
    (18.1184 0.15646 20.59)
    (18.1184 0.15646 20.59)
    (18.1176 0.157239 20.59)
    (18.1176 0.157239 20.59)
    (18.1168 0.158018 20.59)
    (18.1168 0.158018 20.59)
    (18.1161 0.158796 20.59)
    (18.1161 0.158796 20.59)
    (18.1152 0.159572 20.59)
    (18.1152 0.159572 20.59)
    (18.1144 0.160348 20.59)
    (18.1144 0.160348 20.59)
    (18.1136 0.161119 20.59)
    (18.1136 0.161119 20.59)
    (18.1128 0.16189 20.59)
    (18.1128 0.16189 20.59)
    (18.112 0.162662 20.59)
    (18.112 0.162662 20.59)
    (18.1112 0.163425 20.59)
    (18.1112 0.163425 20.59)
    (18.1104 0.164185 20.59)
    (18.1104 0.164185 20.59)
    (18.1095 0.164945 20.59)
    (18.1095 0.164945 20.59)
    (18.1087 0.165705 20.59)
    (18.1087 0.165705 20.59)
    (18.1079 0.166462 20.59)
    (18.1079 0.166462 20.59)
    (18.107 0.167219 20.59)
    (18.107 0.167219 20.59)
    (18.1062 0.167976 20.59)
    (18.1062 0.167976 20.59)
    (18.1053 0.168732 20.59)
    (18.1053 0.168732 20.59)
    (18.1045 0.169483 20.59)
    (18.1045 0.169483 20.59)
    (18.1036 0.170234 20.59)
    (18.1036 0.170234 20.59)
    (18.1027 0.170984 20.59)
    (18.1027 0.170984 20.59)
    (18.1019 0.171735 20.59)
    (18.1019 0.171735 20.59)
    (18.101 0.172484 20.59)
    (18.101 0.172484 20.59)
    (18.1002 0.17323 20.59)
    (18.1002 0.17323 20.59)
    (18.0993 0.173966 20.59)
    (18.0993 0.173966 20.59)
    (18.0984 0.1747 20.59)
    (18.0984 0.1747 20.59)
    (18.0975 0.175433 20.59)
    (18.0975 0.175433 20.59)
    (18.0966 0.176168 20.59)
    (18.0966 0.176168 20.59)
    (18.0958 0.176901 20.59)
    (18.0958 0.176901 20.59)
    (18.0949 0.17763 20.59)
    (18.0949 0.17763 20.59)
    (18.094 0.178359 20.59)
    (18.094 0.178359 20.59)
    (18.0931 0.179086 20.59)
    (18.0931 0.179086 20.59)
    (18.0922 0.17981 20.59)
    (18.0922 0.17981 20.59)
    (18.0913 0.180534 20.59)
    (18.0913 0.180534 20.59)
    (18.0904 0.181258 20.59)
    (18.0904 0.181258 20.59)
    (18.0895 0.181982 20.59)
    (18.0895 0.181982 20.59)
    (18.0886 0.182707 20.59)
    (18.0886 0.182707 20.59)
    (18.0877 0.183433 20.59)
    (18.0877 0.183433 20.59)
    (18.0868 0.184153 20.59)
    (18.0868 0.184153 20.59)
    (18.0858 0.184865 20.59)
    (18.0858 0.184865 20.59)
    (18.0849 0.185569 20.59)
    (18.0849 0.185569 20.59)
    (18.084 0.186269 20.59)
    (18.084 0.186269 20.59)
    (18.083 0.186969 20.59)
    (18.083 0.186969 20.59)
    (18.0821 0.187674 20.59)
    (18.0821 0.187674 20.59)
    (18.0812 0.188382 20.59)
    (18.0812 0.188382 20.59)
    (18.0803 0.18909 20.59)
    (18.0803 0.18909 20.59)
    (18.0793 0.189799 20.59)
    (18.0793 0.189799 20.59)
    (18.0784 0.190508 20.59)
    (18.0784 0.190508 20.59)
    (18.0775 0.191216 20.59)
    (18.0775 0.191216 20.59)
    (18.0765 0.191917 20.59)
    (18.0765 0.191917 20.59)
    (18.0756 0.192615 20.59)
    (18.0756 0.192615 20.59)
    (18.0746 0.193307 20.59)
    (18.0746 0.193307 20.59)
    (18.0737 0.194001 20.59)
    (18.0737 0.194001 20.59)
    (18.0727 0.194686 20.59)
    (18.0727 0.194686 20.59)
    (18.0717 0.19537 20.59)
    (18.0717 0.19537 20.59)
    (18.0708 0.196053 20.59)
    (18.0708 0.196053 20.59)
    (18.0698 0.196736 20.59)
    (18.0698 0.196736 20.59)
    (18.0689 0.197419 20.59)
    (18.0689 0.197419 20.59)
    (18.0679 0.198093 20.59)
    (18.0679 0.198093 20.59)
    (18.0669 0.198768 20.59)
    (18.0669 0.198768 20.59)
    (18.0659 0.199443 20.59)
    (18.0659 0.199443 20.59)
    (18.065 0.200116 20.59)
    (18.065 0.200116 20.59)
    (18.064 0.200784 20.59)
    (18.064 0.200784 20.59)
    (18.063 0.201453 20.59)
    (18.063 0.201453 20.59)
    (18.062 0.202122 20.59)
    (18.062 0.202122 20.59)
    (18.061 0.202791 20.59)
    (18.061 0.202791 20.59)
    (18.06 0.203458 20.59)
    (18.06 0.203458 20.59)
    (18.059 0.204118 20.59)
    (18.059 0.204118 20.59)
    (18.058 0.204767 20.59)
    (18.058 0.204767 20.59)
    (18.057 0.205417 20.59)
    (18.057 0.205417 20.59)
    (18.056 0.206067 20.59)
    (18.056 0.206067 20.59)
    (18.055 0.206717 20.59)
    (18.055 0.206717 20.59)
    (18.054 0.207365 20.59)
    (18.054 0.207365 20.59)
    (18.053 0.208009 20.59)
    (18.053 0.208009 20.59)
    (18.052 0.208653 20.59)
    (18.052 0.208653 20.59)
    (18.051 0.20929 20.59)
    (18.051 0.20929 20.59)
    (18.05 0.209925 20.59)
    (18.05 0.209925 20.59)
    (18.0489 0.21056 20.59)
    (18.0489 0.21056 20.59)
    (18.0479 0.211195 20.59)
    (18.0479 0.211195 20.59)
    (18.0469 0.21183 20.59)
    (18.0469 0.21183 20.59)
    (18.0458 0.212464 20.59)
    (18.0458 0.212464 20.59)
    (18.0448 0.213097 20.59)
    (18.0448 0.213097 20.59)
    (18.0438 0.213731 20.59)
    (18.0438 0.213731 20.59)
    (18.0427 0.21435 20.59)
    (18.0427 0.21435 20.59)
    (18.0417 0.214959 20.59)
    (18.0417 0.214959 20.59)
    (18.0406 0.215577 20.59)
    (18.0406 0.215577 20.59)
    (18.0396 0.216192 20.59)
    (18.0396 0.216192 20.59)
    (18.0385 0.216807 20.59)
    (18.0385 0.216807 20.59)
    (18.0375 0.217421 20.59)
    (18.0375 0.217421 20.59)
    (18.0364 0.218036 20.59)
    (18.0364 0.218036 20.59)
    (18.0354 0.218652 20.59)
    (18.0354 0.218652 20.59)
    (18.0343 0.219268 20.59)
    (18.0343 0.219268 20.59)
    (18.0332 0.219877 20.59)
    (18.0332 0.219877 20.59)
    (18.0322 0.220483 20.59)
    (18.0322 0.220483 20.59)
    (18.0311 0.221085 20.59)
    (18.0311 0.221085 20.59)
    (18.0301 0.221663 20.59)
    (18.0301 0.221663 20.59)
    (18.0291 0.22222 20.59)
    (18.0291 0.22222 20.59)
    (18.0281 0.222778 20.59)
    (18.0281 0.222778 20.59)
    (18.0271 0.223333 20.59)
    (18.0271 0.223333 20.59)
    (18.0261 0.22388 20.59)
    (18.0261 0.22388 20.59)
    (18.0251 0.224428 20.59)
    (18.0251 0.224428 20.59)
    (18.0241 0.224967 20.59)
    (18.0241 0.224967 20.59)
    (18.0231 0.225504 20.59)
    (18.0231 0.225504 20.59)
    (18.0221 0.226042 20.59)
    (18.0221 0.226042 20.59)
    (18.021 0.22658 20.59)
    (18.021 0.22658 20.59)
    (18.02 0.227118 20.59)
    (18.02 0.227118 20.59)
    (18.019 0.22765 20.59)
    (18.019 0.22765 20.59)
    (18.018 0.228181 20.59)
    (18.018 0.228181 20.59)
    (18.017 0.228713 20.59)
    (18.017 0.228713 20.59)
    (18.0159 0.229245 20.59)
    (18.0159 0.229245 20.59)
    (18.0149 0.229767 20.59)
    (18.0149 0.229767 20.59)
    (18.0139 0.230285 20.59)
    (18.0139 0.230285 20.59)
    (18.0128 0.230802 20.59)
    (18.0128 0.230802 20.59)
    (18.0118 0.231321 20.59)
    (18.0118 0.231321 20.59)
    (18.0108 0.231841 20.59)
    (18.0108 0.231841 20.59)
    (18.0097 0.232359 20.59)
    (18.0097 0.232359 20.59)
    (18.0087 0.23287 20.59)
    (18.0087 0.23287 20.59)
    (18.0077 0.233381 20.59)
    (18.0077 0.233381 20.59)
    (18.0066 0.233884 20.59)
    (18.0066 0.233884 20.59)
    (18.0056 0.234375 20.59)
    (18.0056 0.234375 20.59)
    (18.0045 0.234864 20.59)
    (18.0045 0.234864 20.59)
    (18.0035 0.235353 20.59)
    (18.0035 0.235353 20.59)
    (18.0024 0.235843 20.59)
    (18.0024 0.235843 20.59)
    (18.0014 0.236341 20.59)
    (18.0014 0.236341 20.59)
    (18.0003 0.236841 20.59)
    (18.0003 0.236841 20.59)
    (17.9993 0.237341 20.59)
    (17.9993 0.237341 20.59)
    (17.9982 0.237842 20.59)
    (17.9982 0.237842 20.59)
    (17.9972 0.238343 20.59)
    (17.9972 0.238343 20.59)
    (17.9961 0.238834 20.59)
    (17.9961 0.238834 20.59)
    (17.9951 0.239321 20.59)
    (17.9951 0.239321 20.59)
    (17.994 0.239801 20.59)
    (17.994 0.239801 20.59)
    (17.9929 0.240282 20.59)
    (17.9929 0.240282 20.59)
    (17.9918 0.240763 20.59)
    (17.9918 0.240763 20.59)
    (17.9908 0.241234 20.59)
    (17.9908 0.241234 20.59)
    (17.9897 0.241706 20.59)
    (17.9897 0.241706 20.59)
    (17.9886 0.242178 20.59)
    (17.9886 0.242178 20.59)
    (17.9876 0.242651 20.59)
    (17.9876 0.242651 20.59)
    (17.9865 0.243111 20.59)
    (17.9865 0.243111 20.59)
    (17.9854 0.243571 20.59)
    (17.9854 0.243571 20.59)
    (17.9843 0.24403 20.59)
    (17.9843 0.24403 20.59)
    (17.9832 0.244491 20.59)
    (17.9832 0.244491 20.59)
    (17.9822 0.244948 20.59)
    (17.9822 0.244948 20.59)
    (17.9811 0.245401 20.59)
    (17.9811 0.245401 20.59)
    (17.98 0.245854 20.59)
    (17.98 0.245854 20.59)
    (17.9789 0.246308 20.59)
    (17.9789 0.246308 20.59)
    (17.9778 0.246761 20.59)
    (17.9778 0.246761 20.59)
    (17.9767 0.2472 20.59)
    (17.9767 0.2472 20.59)
    (17.9756 0.247639 20.59)
    (17.9756 0.247639 20.59)
    (17.9745 0.248078 20.59)
    (17.9745 0.248078 20.59)
    (17.9734 0.248517 20.59)
    (17.9734 0.248517 20.59)
    (17.9723 0.248952 20.59)
    (17.9723 0.248952 20.59)
    (17.9712 0.249381 20.59)
    (17.9712 0.249381 20.59)
    (17.9701 0.24981 20.59)
    (17.9701 0.24981 20.59)
    (17.969 0.250235 20.59)
    (17.969 0.250235 20.59)
    (17.9679 0.250653 20.59)
    (17.9679 0.250653 20.59)
    (17.9668 0.25106 20.59)
    (17.9668 0.25106 20.59)
    (17.9657 0.251467 20.59)
    (17.9657 0.251467 20.59)
    (17.9646 0.251875 20.59)
    (17.9646 0.251875 20.59)
    (17.9635 0.252285 20.59)
    (17.9635 0.252285 20.59)
    (17.9624 0.252705 20.59)
    (17.9624 0.252705 20.59)
    (17.9613 0.253125 20.59)
    (17.9613 0.253125 20.59)
    (17.9602 0.253546 20.59)
    (17.9602 0.253546 20.59)
    (17.9591 0.253967 20.59)
    (17.9591 0.253967 20.59)
    (17.9579 0.254382 20.59)
    (17.9579 0.254382 20.59)
    (17.9568 0.254788 20.59)
    (17.9568 0.254788 20.59)
    (17.9557 0.255188 20.59)
    (17.9557 0.255188 20.59)
    (17.9546 0.255586 20.59)
    (17.9546 0.255586 20.59)
    (17.9534 0.255985 20.59)
    (17.9534 0.255985 20.59)
    (17.9523 0.256381 20.59)
    (17.9523 0.256381 20.59)
    (17.9512 0.256771 20.59)
    (17.9512 0.256771 20.59)
    (17.9501 0.257161 20.59)
    (17.9501 0.257161 20.59)
    (17.949 0.257552 20.59)
    (17.949 0.257552 20.59)
    (17.9478 0.257932 20.59)
    (17.9478 0.257932 20.59)
    (17.9467 0.258307 20.59)
    (17.9467 0.258307 20.59)
    (17.9456 0.258683 20.59)
    (17.9456 0.258683 20.59)
    (17.9444 0.259059 20.59)
    (17.9444 0.259059 20.59)
    (17.9433 0.259435 20.59)
    (17.9433 0.259435 20.59)
    (17.9421 0.259803 20.59)
    (17.9421 0.259803 20.59)
    (17.941 0.26017 20.59)
    (17.941 0.26017 20.59)
    (17.9399 0.260537 20.59)
    (17.9399 0.260537 20.59)
    (17.9387 0.260904 20.59)
    (17.9387 0.260904 20.59)
    (17.9376 0.261255 20.59)
    (17.9376 0.261255 20.59)
    (17.9364 0.261605 20.59)
    (17.9364 0.261605 20.59)
    (17.9353 0.261956 20.59)
    (17.9353 0.261956 20.59)
    (17.9341 0.262308 20.59)
    (17.9341 0.262308 20.59)
    (17.933 0.26266 20.59)
    (17.933 0.26266 20.59)
    (17.9318 0.263012 20.59)
    (17.9318 0.263012 20.59)
    (17.9307 0.263356 20.59)
    (17.9307 0.263356 20.59)
    (17.9295 0.263699 20.59)
    (17.9295 0.263699 20.59)
    (17.9284 0.264028 20.59)
    (17.9284 0.264028 20.59)
    (17.9272 0.264346 20.59)
    (17.9272 0.264346 20.59)
    (17.9261 0.264667 20.59)
    (17.9261 0.264667 20.59)
    (17.9249 0.264998 20.59)
    (17.9249 0.264998 20.59)
    (17.9238 0.265329 20.59)
    (17.9238 0.265329 20.59)
    (17.9226 0.265661 20.59)
    (17.9226 0.265661 20.59)
    (17.9215 0.265993 20.59)
    (17.9215 0.265993 20.59)
    (17.9203 0.266326 20.59)
    (17.9203 0.266326 20.59)
    (17.9192 0.266659 20.59)
    (17.9192 0.266659 20.59)
    (17.918 0.26698 20.59)
    (17.918 0.26698 20.59)
    (17.9168 0.267296 20.59)
    (17.9168 0.267296 20.59)
    (17.9156 0.267609 20.59)
    (17.9156 0.267609 20.59)
    (17.9145 0.267917 20.59)
    (17.9145 0.267917 20.59)
    (17.9133 0.268226 20.59)
    (17.9133 0.268226 20.59)
    (17.9121 0.268543 20.59)
    (17.9121 0.268543 20.59)
    (17.9109 0.268869 20.59)
    (17.9109 0.268869 20.59)
    (17.9097 0.269194 20.59)
    (17.9097 0.269194 20.59)
    (17.9084 0.269505 20.59)
    (17.9084 0.269505 20.59)
    (17.9072 0.269802 20.59)
    (17.9072 0.269802 20.59)
    (17.9059 0.270099 20.59)
    (17.9059 0.270099 20.59)
    (17.9047 0.270398 20.59)
    (17.9047 0.270398 20.59)
    (17.9035 0.270699 20.59)
    (17.9035 0.270699 20.59)
    (17.9022 0.271001 20.59)
    (17.9022 0.271001 20.59)
    (17.901 0.271293 20.59)
    (17.901 0.271293 20.59)
    (17.8997 0.271584 20.59)
    (17.8997 0.271584 20.59)
    (17.8985 0.271871 20.59)
    (17.8985 0.271871 20.59)
    (17.8973 0.272142 20.59)
    (17.8973 0.272142 20.59)
    (17.896 0.272413 20.59)
    (17.896 0.272413 20.59)
    (17.8948 0.272685 20.59)
    (17.8948 0.272685 20.59)
    (17.8935 0.272958 20.59)
    (17.8935 0.272958 20.59)
    (17.8923 0.273231 20.59)
    (17.8923 0.273231 20.59)
    (17.891 0.273504 20.59)
    (17.891 0.273504 20.59)
    (17.8898 0.273779 20.59)
    (17.8898 0.273779 20.59)
    (17.8885 0.274065 20.59)
    (17.8885 0.274065 20.59)
    (17.8872 0.274327 20.59)
    (17.8872 0.274327 20.59)
    (17.886 0.274579 20.59)
    (17.886 0.274579 20.59)
    (17.8847 0.27483 20.59)
    (17.8847 0.27483 20.59)
    (17.8835 0.275081 20.59)
    (17.8835 0.275081 20.59)
    (17.8822 0.275334 20.59)
    (17.8822 0.275334 20.59)
    (17.881 0.275586 20.59)
    (17.881 0.275586 20.59)
    (17.8797 0.27584 20.59)
    (17.8797 0.27584 20.59)
    (17.8784 0.276092 20.59)
    (17.8784 0.276092 20.59)
    (17.8772 0.276326 20.59)
    (17.8772 0.276326 20.59)
    (17.8759 0.276561 20.59)
    (17.8759 0.276561 20.59)
    (17.8747 0.276796 20.59)
    (17.8747 0.276796 20.59)
    (17.8734 0.277027 20.59)
    (17.8734 0.277027 20.59)
    (17.8722 0.277253 20.59)
    (17.8722 0.277253 20.59)
    (17.8709 0.27748 20.59)
    (17.8709 0.27748 20.59)
    (17.8696 0.277706 20.59)
    (17.8696 0.277706 20.59)
    (17.8684 0.277932 20.59)
    (17.8684 0.277932 20.59)
    (17.8671 0.278138 20.59)
    (17.8671 0.278138 20.59)
    (17.8658 0.278344 20.59)
    (17.8658 0.278344 20.59)
    (17.8646 0.278549 20.59)
    (17.8646 0.278549 20.59)
    (17.8633 0.278756 20.59)
    (17.8633 0.278756 20.59)
    (17.862 0.278955 20.59)
    (17.862 0.278955 20.59)
    (17.8608 0.279155 20.59)
    (17.8608 0.279155 20.59)
    (17.8595 0.279353 20.59)
    (17.8595 0.279353 20.59)
    (17.8582 0.279542 20.59)
    (17.8582 0.279542 20.59)
    (17.857 0.279712 20.59)
    (17.857 0.279712 20.59)
    (17.8557 0.279883 20.59)
    (17.8557 0.279883 20.59)
    (17.8544 0.280057 20.59)
    (17.8544 0.280057 20.59)
    (17.8532 0.280242 20.59)
    (17.8532 0.280242 20.59)
    (17.8519 0.280428 20.59)
    (17.8519 0.280428 20.59)
    (17.8506 0.280615 20.59)
    (17.8506 0.280615 20.59)
    (17.8493 0.280802 20.59)
    (17.8493 0.280802 20.59)
    (17.8481 0.280987 20.59)
    (17.8481 0.280987 20.59)
    (17.8468 0.281153 20.59)
    (17.8468 0.281153 20.59)
    (17.8455 0.28132 20.59)
    (17.8455 0.28132 20.59)
    (17.8442 0.281478 20.59)
    (17.8442 0.281478 20.59)
    (17.843 0.281636 20.59)
    (17.843 0.281636 20.59)
    (17.8417 0.281795 20.59)
    (17.8417 0.281795 20.59)
    (17.8404 0.281954 20.59)
    (17.8404 0.281954 20.59)
    (17.8391 0.282114 20.59)
    (17.8391 0.282114 20.59)
    (17.8378 0.282264 20.59)
    (17.8378 0.282264 20.59)
    (17.8366 0.282396 20.59)
    (17.8366 0.282396 20.59)
    (17.8353 0.282528 20.59)
    (17.8353 0.282528 20.59)
    (17.834 0.28266 20.59)
    (17.834 0.28266 20.59)
    (17.8328 0.28279 20.59)
    (17.8328 0.28279 20.59)
    (17.8315 0.282921 20.59)
    (17.8315 0.282921 20.59)
    (17.8302 0.283045 20.59)
    (17.8302 0.283045 20.59)
    (17.829 0.283169 20.59)
    (17.829 0.283169 20.59)
    (17.8277 0.283288 20.59)
    (17.8277 0.283288 20.59)
    (17.8264 0.283392 20.59)
    (17.8264 0.283392 20.59)
    (17.8251 0.283495 20.59)
    (17.8251 0.283495 20.59)
    (17.8239 0.283597 20.59)
    (17.8239 0.283597 20.59)
    (17.8226 0.2837 20.59)
    (17.8226 0.2837 20.59)
    (17.8213 0.283803 20.59)
    (17.8213 0.283803 20.59)
    (17.82 0.283914 20.59)
    (17.82 0.283914 20.59)
    (17.8187 0.284032 20.59)
    (17.8187 0.284032 20.59)
    (17.8174 0.284141 20.59)
    (17.8174 0.284141 20.59)
    (17.8162 0.284233 20.59)
    (17.8162 0.284233 20.59)
    (17.8149 0.284321 20.59)
    (17.8149 0.284321 20.59)
    (17.8136 0.284408 20.59)
    (17.8136 0.284408 20.59)
    (17.8123 0.28449 20.59)
    (17.8123 0.28449 20.59)
    (17.811 0.284573 20.59)
    (17.811 0.284573 20.59)
    (17.8098 0.284656 20.59)
    (17.8098 0.284656 20.59)
    (17.8085 0.28474 20.59)
    (17.8085 0.28474 20.59)
    (17.8072 0.284812 20.59)
    (17.8072 0.284812 20.59)
    (17.8059 0.284875 20.59)
    (17.8059 0.284875 20.59)
    (17.8046 0.284938 20.59)
    (17.8046 0.284938 20.59)
    (17.8034 0.285002 20.59)
    (17.8034 0.285002 20.59)
    (17.8021 0.285064 20.59)
    (17.8021 0.285064 20.59)
    (17.8008 0.28512 20.59)
    (17.8008 0.28512 20.59)
    (17.7995 0.285176 20.59)
    (17.7995 0.285176 20.59)
    (17.7982 0.285232 20.59)
    (17.7982 0.285232 20.59)
    (17.797 0.285269 20.59)
    (17.797 0.285269 20.59)
    (17.7957 0.285303 20.59)
    (17.7957 0.285303 20.59)
    (17.7944 0.285338 20.59)
    (17.7944 0.285338 20.59)
    (17.7931 0.285374 20.59)
    (17.7931 0.285374 20.59)
    (17.7918 0.28541 20.59)
    (17.7918 0.28541 20.59)
    (17.7906 0.285446 20.59)
    (17.7906 0.285446 20.59)
    (17.7893 0.285481 20.59)
    (17.7893 0.285481 20.59)
    (17.788 0.285518 20.59)
    (17.788 0.285518 20.59)
    (17.7867 0.285531 20.59)
    (17.7867 0.285531 20.59)
    (17.7854 0.285544 20.59)
    (17.7854 0.285544 20.59)
    (17.7842 0.285557 20.59)
    (17.7842 0.285557 20.59)
    (17.7829 0.285571 20.59)
    (17.7829 0.285571 20.59)
    (17.7816 0.285585 20.59)
    (17.7816 0.285585 20.59)
    (17.7803 0.285601 20.59)
    (17.7803 0.285601 20.59)
    (17.779 0.285617 20.59)
    (17.779 0.285617 20.59)
    (17.7778 0.285628 20.59)
    (17.7778 0.285628 20.59)
    (17.7765 0.285622 20.59)
    (17.7765 0.285622 20.59)
    (17.7752 0.285617 20.59)
    (17.7752 0.285617 20.59)
    (17.7739 0.285612 20.59)
    (17.7739 0.285612 20.59)
    (17.7726 0.285601 20.59)
    (17.7726 0.285601 20.59)
    (17.7713 0.285588 20.59)
    (17.7713 0.285588 20.59)
    (17.77 0.285576 20.59)
    (17.77 0.285576 20.59)
    (17.7687 0.285564 20.59)
    (17.7687 0.285564 20.59)
    (17.7674 0.285538 20.59)
    (17.7674 0.285538 20.59)
    (17.7661 0.285504 20.59)
    (17.7661 0.285504 20.59)
    (17.7648 0.285471 20.59)
    (17.7648 0.285471 20.59)
    (17.7635 0.285438 20.59)
    (17.7635 0.285438 20.59)
    (17.7622 0.285405 20.59)
    (17.7622 0.285405 20.59)
    (17.7609 0.285372 20.59)
    (17.7609 0.285372 20.59)
    (17.7596 0.285335 20.59)
    (17.7596 0.285335 20.59)
    (17.7583 0.28529 20.59)
    (17.7583 0.28529 20.59)
    (17.757 0.285221 20.59)
    (17.757 0.285221 20.59)
    (17.7558 0.285164 20.59)
    (17.7558 0.285164 20.59)
    (17.7545 0.285108 20.59)
    (17.7545 0.285108 20.59)
    (17.7532 0.285053 20.59)
    (17.7532 0.285053 20.59)
    (17.7519 0.284998 20.59)
    (17.7519 0.284998 20.59)
    (17.7506 0.284944 20.59)
    (17.7506 0.284944 20.59)
    (17.7493 0.28489 20.59)
    (17.7493 0.28489 20.59)
    (17.748 0.284824 20.59)
    (17.748 0.284824 20.59)
    (17.7467 0.284748 20.59)
    (17.7467 0.284748 20.59)
    (17.7454 0.284672 20.59)
    (17.7454 0.284672 20.59)
    (17.7442 0.284592 20.59)
    (17.7442 0.284592 20.59)
    (17.7429 0.284508 20.59)
    (17.7429 0.284508 20.59)
    (17.7416 0.284425 20.59)
    (17.7416 0.284425 20.59)
    (17.7403 0.284343 20.59)
    (17.7403 0.284343 20.59)
    (17.739 0.28426 20.59)
    (17.739 0.28426 20.59)
    (17.7377 0.284155 20.59)
    (17.7377 0.284155 20.59)
    (17.7365 0.284051 20.59)
    (17.7365 0.284051 20.59)
    (17.7352 0.283947 20.59)
    (17.7352 0.283947 20.59)
    (17.7339 0.283843 20.59)
    (17.7339 0.283843 20.59)
    (17.7326 0.283737 20.59)
    (17.7326 0.283737 20.59)
    (17.7313 0.283631 20.59)
    (17.7313 0.283631 20.59)
    (17.73 0.283522 20.59)
    (17.73 0.283522 20.59)
    (17.7288 0.283395 20.59)
    (17.7288 0.283395 20.59)
    (17.7275 0.283257 20.59)
    (17.7275 0.283257 20.59)
    (17.7262 0.283129 20.59)
    (17.7262 0.283129 20.59)
    (17.7249 0.283004 20.59)
    (17.7249 0.283004 20.59)
    (17.7237 0.282879 20.59)
    (17.7237 0.282879 20.59)
    (17.7224 0.282757 20.59)
    (17.7224 0.282757 20.59)
    (17.7211 0.282637 20.59)
    (17.7211 0.282637 20.59)
    (17.7198 0.282516 20.59)
    (17.7198 0.282516 20.59)
    (17.7185 0.282371 20.59)
    (17.7185 0.282371 20.59)
    (17.7173 0.282226 20.59)
    (17.7173 0.282226 20.59)
    (17.716 0.282078 20.59)
    (17.716 0.282078 20.59)
    (17.7147 0.281925 20.59)
    (17.7147 0.281925 20.59)
    (17.7134 0.281773 20.59)
    (17.7134 0.281773 20.59)
    (17.7122 0.281621 20.59)
    (17.7122 0.281621 20.59)
    (17.7109 0.281469 20.59)
    (17.7109 0.281469 20.59)
    (17.7096 0.281303 20.59)
    (17.7096 0.281303 20.59)
    (17.7084 0.28113 20.59)
    (17.7084 0.28113 20.59)
    (17.7071 0.280957 20.59)
    (17.7071 0.280957 20.59)
    (17.7058 0.280784 20.59)
    (17.7058 0.280784 20.59)
    (17.7046 0.280609 20.59)
    (17.7046 0.280609 20.59)
    (17.7033 0.280435 20.59)
    (17.7033 0.280435 20.59)
    (17.7021 0.28026 20.59)
    (17.7021 0.28026 20.59)
    (17.7008 0.280073 20.59)
    (17.7008 0.280073 20.59)
    (17.6996 0.27987 20.59)
    (17.6996 0.27987 20.59)
    (17.6983 0.27967 20.59)
    (17.6983 0.27967 20.59)
    (17.6971 0.27948 20.59)
    (17.6971 0.27948 20.59)
    (17.6958 0.279291 20.59)
    (17.6958 0.279291 20.59)
    (17.6945 0.279102 20.59)
    (17.6945 0.279102 20.59)
    (17.6933 0.278914 20.59)
    (17.6933 0.278914 20.59)
    (17.692 0.278726 20.59)
    (17.692 0.278726 20.59)
    (17.6908 0.278518 20.59)
    (17.6908 0.278518 20.59)
    (17.6895 0.278307 20.59)
    (17.6895 0.278307 20.59)
    (17.6883 0.278095 20.59)
    (17.6883 0.278095 20.59)
    (17.687 0.277876 20.59)
    (17.687 0.277876 20.59)
    (17.6858 0.277656 20.59)
    (17.6858 0.277656 20.59)
    (17.6846 0.277437 20.59)
    (17.6846 0.277437 20.59)
    (17.6833 0.277218 20.59)
    (17.6833 0.277218 20.59)
    (17.6821 0.276988 20.59)
    (17.6821 0.276988 20.59)
    (17.6808 0.276748 20.59)
    (17.6808 0.276748 20.59)
    (17.6796 0.276508 20.59)
    (17.6796 0.276508 20.59)
    (17.6784 0.276268 20.59)
    (17.6784 0.276268 20.59)
    (17.6771 0.276029 20.59)
    (17.6771 0.276029 20.59)
    (17.6759 0.275789 20.59)
    (17.6759 0.275789 20.59)
    (17.6747 0.27555 20.59)
    (17.6747 0.27555 20.59)
    (17.6735 0.2753 20.59)
    (17.6735 0.2753 20.59)
    (17.6722 0.275032 20.59)
    (17.6722 0.275032 20.59)
    (17.671 0.274771 20.59)
    (17.671 0.274771 20.59)
    (17.6698 0.274516 20.59)
    (17.6698 0.274516 20.59)
    (17.6686 0.274261 20.59)
    (17.6686 0.274261 20.59)
    (17.6673 0.274008 20.59)
    (17.6673 0.274008 20.59)
    (17.6661 0.273755 20.59)
    (17.6661 0.273755 20.59)
    (17.6649 0.273503 20.59)
    (17.6649 0.273503 20.59)
    (17.6637 0.273232 20.59)
    (17.6637 0.273232 20.59)
    (17.6624 0.272958 20.59)
    (17.6624 0.272958 20.59)
    (17.6612 0.272684 20.59)
    (17.6612 0.272684 20.59)
    (17.66 0.272403 20.59)
    (17.66 0.272403 20.59)
    (17.6588 0.27212 20.59)
    (17.6588 0.27212 20.59)
    (17.6576 0.271837 20.59)
    (17.6576 0.271837 20.59)
    (17.6564 0.271553 20.59)
    (17.6564 0.271553 20.59)
    (17.6552 0.271262 20.59)
    (17.6552 0.271262 20.59)
    (17.654 0.270963 20.59)
    (17.654 0.270963 20.59)
    (17.6528 0.270665 20.59)
    (17.6528 0.270665 20.59)
    (17.6516 0.270365 20.59)
    (17.6516 0.270365 20.59)
    (17.6504 0.270063 20.59)
    (17.6504 0.270063 20.59)
    (17.6492 0.269763 20.59)
    (17.6492 0.269763 20.59)
    (17.648 0.269462 20.59)
    (17.648 0.269462 20.59)
    (17.6468 0.26915 20.59)
    (17.6468 0.26915 20.59)
    (17.6456 0.268828 20.59)
    (17.6456 0.268828 20.59)
    (17.6444 0.26851 20.59)
    (17.6444 0.26851 20.59)
    (17.6432 0.268193 20.59)
    (17.6432 0.268193 20.59)
    (17.642 0.267878 20.59)
    (17.642 0.267878 20.59)
    (17.6408 0.267562 20.59)
    (17.6408 0.267562 20.59)
    (17.6395 0.267225 20.59)
    (17.6395 0.267225 20.59)
    (17.6382 0.266859 20.59)
    (17.6382 0.266859 20.59)
    (17.6368 0.266475 20.59)
    (17.6368 0.266475 20.59)
    (17.6355 0.266092 20.59)
    (17.6355 0.266092 20.59)
    (17.6341 0.265709 20.59)
    (17.6341 0.265709 20.59)
    (17.6328 0.265319 20.59)
    (17.6328 0.265319 20.59)
    (17.6314 0.264929 20.59)
    (17.6314 0.264929 20.59)
    (17.6301 0.264539 20.59)
    (17.6301 0.264539 20.59)
    (17.6288 0.264127 20.59)
    (17.6288 0.264127 20.59)
    (17.6274 0.263715 20.59)
    (17.6274 0.263715 20.59)
    (17.6261 0.263304 20.59)
    (17.6261 0.263304 20.59)
    (17.6247 0.262893 20.59)
    (17.6247 0.262893 20.59)
    (17.6234 0.262482 20.59)
    (17.6234 0.262482 20.59)
    (17.6221 0.262074 20.59)
    (17.6221 0.262074 20.59)
    (17.6207 0.261653 20.59)
    (17.6207 0.261653 20.59)
    (17.6194 0.261221 20.59)
    (17.6194 0.261221 20.59)
    (17.6181 0.260789 20.59)
    (17.6181 0.260789 20.59)
    (17.6168 0.260359 20.59)
    (17.6168 0.260359 20.59)
    (17.6154 0.259929 20.59)
    (17.6154 0.259929 20.59)
    (17.6141 0.2595 20.59)
    (17.6141 0.2595 20.59)
    (17.6128 0.259062 20.59)
    (17.6128 0.259062 20.59)
    (17.6115 0.258611 20.59)
    (17.6115 0.258611 20.59)
    (17.6102 0.258161 20.59)
    (17.6102 0.258161 20.59)
    (17.6089 0.257712 20.59)
    (17.6089 0.257712 20.59)
    (17.6076 0.25726 20.59)
    (17.6076 0.25726 20.59)
    (17.6063 0.256805 20.59)
    (17.6063 0.256805 20.59)
    (17.605 0.256346 20.59)
    (17.605 0.256346 20.59)
    (17.6037 0.255871 20.59)
    (17.6037 0.255871 20.59)
    (17.6024 0.255397 20.59)
    (17.6024 0.255397 20.59)
    (17.6011 0.254923 20.59)
    (17.6011 0.254923 20.59)
    (17.5998 0.254452 20.59)
    (17.5998 0.254452 20.59)
    (17.5985 0.253989 20.59)
    (17.5985 0.253989 20.59)
    (17.5972 0.253525 20.59)
    (17.5972 0.253525 20.59)
    (17.5959 0.253038 20.59)
    (17.5959 0.253038 20.59)
    (17.5947 0.252545 20.59)
    (17.5947 0.252545 20.59)
    (17.5934 0.252052 20.59)
    (17.5934 0.252052 20.59)
    (17.5921 0.251558 20.59)
    (17.5921 0.251558 20.59)
    (17.5909 0.251065 20.59)
    (17.5909 0.251065 20.59)
    (17.5896 0.250573 20.59)
    (17.5896 0.250573 20.59)
    (17.5883 0.250063 20.59)
    (17.5883 0.250063 20.59)
    (17.5871 0.249551 20.59)
    (17.5871 0.249551 20.59)
    (17.5858 0.249041 20.59)
    (17.5858 0.249041 20.59)
    (17.5846 0.248532 20.59)
    (17.5846 0.248532 20.59)
    (17.5833 0.248023 20.59)
    (17.5833 0.248023 20.59)
    (17.5821 0.247509 20.59)
    (17.5821 0.247509 20.59)
    (17.5808 0.24698 20.59)
    (17.5808 0.24698 20.59)
    (17.5796 0.246447 20.59)
    (17.5796 0.246447 20.59)
    (17.5784 0.245918 20.59)
    (17.5784 0.245918 20.59)
    (17.5771 0.245394 20.59)
    (17.5771 0.245394 20.59)
    (17.5759 0.244871 20.59)
    (17.5759 0.244871 20.59)
    (17.5746 0.244349 20.59)
    (17.5746 0.244349 20.59)
    (17.5734 0.243815 20.59)
    (17.5734 0.243815 20.59)
    (17.5722 0.243273 20.59)
    (17.5722 0.243273 20.59)
    (17.5709 0.24273 20.59)
    (17.5709 0.24273 20.59)
    (17.5697 0.242182 20.59)
    (17.5697 0.242182 20.59)
    (17.5685 0.241634 20.59)
    (17.5685 0.241634 20.59)
    (17.5673 0.241086 20.59)
    (17.5673 0.241086 20.59)
    (17.5661 0.240527 20.59)
    (17.5661 0.240527 20.59)
    (17.5649 0.239958 20.59)
    (17.5649 0.239958 20.59)
    (17.5637 0.23939 20.59)
    (17.5637 0.23939 20.59)
    (17.5625 0.238822 20.59)
    (17.5625 0.238822 20.59)
    (17.5613 0.238256 20.59)
    (17.5613 0.238256 20.59)
    (17.5601 0.23769 20.59)
    (17.5601 0.23769 20.59)
    (17.5589 0.237117 20.59)
    (17.5589 0.237117 20.59)
    (17.5577 0.236535 20.59)
    (17.5577 0.236535 20.59)
    (17.5565 0.235954 20.59)
    (17.5565 0.235954 20.59)
    (17.5553 0.235375 20.59)
    (17.5553 0.235375 20.59)
    (17.5542 0.234796 20.59)
    (17.5542 0.234796 20.59)
    (17.553 0.234218 20.59)
    (17.553 0.234218 20.59)
    (17.5518 0.233636 20.59)
    (17.5518 0.233636 20.59)
    (17.5506 0.23304 20.59)
    (17.5506 0.23304 20.59)
    (17.5495 0.232446 20.59)
    (17.5495 0.232446 20.59)
    (17.5483 0.231854 20.59)
    (17.5483 0.231854 20.59)
    (17.5471 0.231258 20.59)
    (17.5471 0.231258 20.59)
    (17.546 0.230661 20.59)
    (17.546 0.230661 20.59)
    (17.5448 0.230059 20.59)
    (17.5448 0.230059 20.59)
    (17.5437 0.229444 20.59)
    (17.5437 0.229444 20.59)
    (17.5426 0.228829 20.59)
    (17.5426 0.228829 20.59)
    (17.5414 0.228214 20.59)
    (17.5414 0.228214 20.59)
    (17.5403 0.227601 20.59)
    (17.5403 0.227601 20.59)
    (17.5391 0.22699 20.59)
    (17.5391 0.22699 20.59)
    (17.5379 0.226373 20.59)
    (17.5379 0.226373 20.59)
    (17.5368 0.225744 20.59)
    (17.5368 0.225744 20.59)
    (17.5357 0.225111 20.59)
    (17.5357 0.225111 20.59)
    (17.5346 0.224479 20.59)
    (17.5346 0.224479 20.59)
    (17.5334 0.223848 20.59)
    (17.5334 0.223848 20.59)
    (17.5323 0.223218 20.59)
    (17.5323 0.223218 20.59)
    (17.5312 0.222585 20.59)
    (17.5312 0.222585 20.59)
    (17.5301 0.221939 20.59)
    (17.5301 0.221939 20.59)
    (17.529 0.221295 20.59)
    (17.529 0.221295 20.59)
    (17.5279 0.220655 20.59)
    (17.5279 0.220655 20.59)
    (17.5268 0.220015 20.59)
    (17.5268 0.220015 20.59)
    (17.5257 0.219377 20.59)
    (17.5257 0.219377 20.59)
    (17.5246 0.218732 20.59)
    (17.5246 0.218732 20.59)
    (17.5235 0.218076 20.59)
    (17.5235 0.218076 20.59)
    (17.5224 0.217421 20.59)
    (17.5224 0.217421 20.59)
    (17.5213 0.216767 20.59)
    (17.5213 0.216767 20.59)
    (17.5202 0.216113 20.59)
    (17.5202 0.216113 20.59)
    (17.5191 0.21546 20.59)
    (17.5191 0.21546 20.59)
    (17.518 0.2148 20.59)
    (17.518 0.2148 20.59)
    (17.517 0.214129 20.59)
    (17.517 0.214129 20.59)
    (17.5159 0.213458 20.59)
    (17.5159 0.213458 20.59)
    (17.5148 0.212787 20.59)
    (17.5148 0.212787 20.59)
    (17.5138 0.212113 20.59)
    (17.5138 0.212113 20.59)
    (17.5127 0.211439 20.59)
    (17.5127 0.211439 20.59)
    (17.5117 0.210761 20.59)
    (17.5117 0.210761 20.59)
    (17.5106 0.210074 20.59)
    (17.5106 0.210074 20.59)
    (17.5096 0.209388 20.59)
    (17.5096 0.209388 20.59)
    (17.5082 0.208467 20.59)
    (17.5082 0.208467 20.59)
    (17.5064 0.207312 20.59)
    (17.5064 0.207312 20.59)
    (17.5046 0.206141 20.59)
    (17.5046 0.206141 20.59)
    (17.5029 0.204961 20.59)
    (17.5029 0.204961 20.59)
    (17.5011 0.203783 20.59)
    (17.5011 0.203783 20.59)
    (17.4994 0.202602 20.59)
    (17.4994 0.202602 20.59)
    (17.4977 0.201403 20.59)
    (17.4977 0.201403 20.59)
    (17.496 0.200207 20.59)
    (17.496 0.200207 20.59)
    (17.4943 0.199014 20.59)
    (17.4943 0.199014 20.59)
    (17.4927 0.197797 20.59)
    (17.4927 0.197797 20.59)
    (17.491 0.196573 20.59)
    (17.491 0.196573 20.59)
    (17.4893 0.195353 20.59)
    (17.4893 0.195353 20.59)
    (17.4876 0.194128 20.59)
    (17.4876 0.194128 20.59)
    (17.486 0.192891 20.59)
    (17.486 0.192891 20.59)
    (17.4844 0.191658 20.59)
    (17.4844 0.191658 20.59)
    (17.4828 0.190425 20.59)
    (17.4828 0.190425 20.59)
    (17.4812 0.189178 20.59)
    (17.4812 0.189178 20.59)
    (17.4796 0.187927 20.59)
    (17.4796 0.187927 20.59)
    (17.478 0.186666 20.59)
    (17.478 0.186666 20.59)
    (17.4764 0.185403 20.59)
    (17.4764 0.185403 20.59)
    (17.4748 0.184133 20.59)
    (17.4748 0.184133 20.59)
    (17.4733 0.182863 20.59)
    (17.4733 0.182863 20.59)
    (17.4717 0.181593 20.59)
    (17.4717 0.181593 20.59)
    (17.4702 0.180303 20.59)
    (17.4702 0.180303 20.59)
    (17.4687 0.179015 20.59)
    (17.4687 0.179015 20.59)
    (17.4671 0.177729 20.59)
    (17.4671 0.177729 20.59)
    (17.4656 0.176427 20.59)
    (17.4656 0.176427 20.59)
    (17.4641 0.17512 20.59)
    (17.4641 0.17512 20.59)
    (17.4626 0.173823 20.59)
    (17.4626 0.173823 20.59)
    (17.4611 0.172524 20.59)
    (17.4611 0.172524 20.59)
    (17.4596 0.171214 20.59)
    (17.4596 0.171214 20.59)
    (17.4582 0.169909 20.59)
    (17.4582 0.169909 20.59)
    (17.4567 0.168605 20.59)
    (17.4567 0.168605 20.59)
    (17.4553 0.167288 20.59)
    (17.4553 0.167288 20.59)
    (17.4539 0.165955 20.59)
    (17.4539 0.165955 20.59)
    (17.4525 0.164622 20.59)
    (17.4525 0.164622 20.59)
    (17.451 0.163282 20.59)
    (17.451 0.163282 20.59)
    (17.4496 0.161937 20.59)
    (17.4496 0.161937 20.59)
    (17.4483 0.160594 20.59)
    (17.4483 0.160594 20.59)
    (17.4469 0.159256 20.59)
    (17.4469 0.159256 20.59)
    (17.4455 0.157912 20.59)
    (17.4455 0.157912 20.59)
    (17.4442 0.156567 20.59)
    (17.4442 0.156567 20.59)
    (17.4428 0.155213 20.59)
    (17.4428 0.155213 20.59)
    (17.4414 0.153849 20.59)
    (17.4414 0.153849 20.59)
    (17.4401 0.152488 20.59)
    (17.4401 0.152488 20.59)
    (17.4388 0.151133 20.59)
    (17.4388 0.151133 20.59)
    (17.4375 0.149772 20.59)
    (17.4375 0.149772 20.59)
    (17.4362 0.148407 20.59)
    (17.4362 0.148407 20.59)
    (17.4349 0.147041 20.59)
    (17.4349 0.147041 20.59)
    (17.4336 0.145655 20.59)
    (17.4336 0.145655 20.59)
    (17.4323 0.144261 20.59)
    (17.4323 0.144261 20.59)
    (17.4311 0.142869 20.59)
    (17.4311 0.142869 20.59)
    (17.4298 0.141481 20.59)
    (17.4298 0.141481 20.59)
    (17.4286 0.140091 20.59)
    (17.4286 0.140091 20.59)
    (17.4274 0.138706 20.59)
    (17.4274 0.138706 20.59)
    (17.4261 0.137327 20.59)
    (17.4261 0.137327 20.59)
    (17.4249 0.135936 20.59)
    (17.4249 0.135936 20.59)
    (17.4237 0.13454 20.59)
    (17.4237 0.13454 20.59)
    (17.4225 0.133144 20.59)
    (17.4225 0.133144 20.59)
    (17.4213 0.131747 20.59)
    (17.4213 0.131747 20.59)
    (17.4201 0.130346 20.59)
    (17.4201 0.130346 20.59)
    (17.419 0.128945 20.59)
    (17.419 0.128945 20.59)
    (17.4179 0.127546 20.59)
    (17.4179 0.127546 20.59)
    (17.4168 0.126131 20.59)
    (17.4168 0.126131 20.59)
    (17.4156 0.124705 20.59)
    (17.4156 0.124705 20.59)
    (17.4145 0.123286 20.59)
    (17.4145 0.123286 20.59)
    (17.4134 0.121864 20.59)
    (17.4134 0.121864 20.59)
    (17.4123 0.120442 20.59)
    (17.4123 0.120442 20.59)
    (17.4112 0.119028 20.59)
    (17.4112 0.119028 20.59)
    (17.4101 0.117623 20.59)
    (17.4101 0.117623 20.59)
    (17.409 0.116205 20.59)
    (17.409 0.116205 20.59)
    (17.4079 0.114772 20.59)
    (17.4079 0.114772 20.59)
    (17.4069 0.113336 20.59)
    (17.4069 0.113336 20.59)
    (17.4058 0.111911 20.59)
    (17.4058 0.111911 20.59)
    (17.4048 0.110495 20.59)
    (17.4048 0.110495 20.59)
    (17.4037 0.109084 20.59)
    (17.4037 0.109084 20.59)
    (17.4027 0.107674 20.59)
    (17.4027 0.107674 20.59)
    (17.4017 0.106231 20.59)
    (17.4017 0.106231 20.59)
    (17.4007 0.104787 20.59)
    (17.4007 0.104787 20.59)
    (17.3997 0.103343 20.59)
    (17.3997 0.103343 20.59)
    (17.3987 0.101902 20.59)
    (17.3987 0.101902 20.59)
    (17.3977 0.100466 20.59)
    (17.3977 0.100466 20.59)
    (17.3968 0.0990329 20.59)
    (17.3968 0.0990329 20.59)
    (17.3959 0.0975887 20.59)
    (17.3959 0.0975887 20.59)
    (17.3949 0.0961226 20.59)
    (17.3949 0.0961226 20.59)
    (17.394 0.0946618 20.59)
    (17.394 0.0946618 20.59)
    (17.3931 0.0932087 20.59)
    (17.3931 0.0932087 20.59)
    (17.3922 0.0917722 20.59)
    (17.3922 0.0917722 20.59)
    (17.3913 0.0903414 20.59)
    (17.3913 0.0903414 20.59)
    (17.3904 0.088913 20.59)
    (17.3904 0.088913 20.59)
    (17.3895 0.0874493 20.59)
    (17.3895 0.0874493 20.59)
    (17.3886 0.0859828 20.59)
    (17.3886 0.0859828 20.59)
    (17.3877 0.0845202 20.59)
    (17.3877 0.0845202 20.59)
    (17.3868 0.0830673 20.59)
    (17.3868 0.0830673 20.59)
    (17.3859 0.0816279 20.59)
    (17.3859 0.0816279 20.59)
    (17.3851 0.0802035 20.59)
    (17.3851 0.0802035 20.59)
    (17.3842 0.0787521 20.59)
    (17.3842 0.0787521 20.59)
    (17.3833 0.077285 20.59)
    (17.3833 0.077285 20.59)
    (17.3825 0.0758252 20.59)
    (17.3825 0.0758252 20.59)
    (17.3817 0.0743709 20.59)
    (17.3817 0.0743709 20.59)
    (17.3809 0.0729216 20.59)
    (17.3809 0.0729216 20.59)
    (17.3801 0.0714819 20.59)
    (17.3801 0.0714819 20.59)
    (17.3793 0.0700195 20.59)
    (17.3793 0.0700195 20.59)
    (17.3785 0.0685353 20.59)
    (17.3785 0.0685353 20.59)
    (17.3778 0.06706 20.59)
    (17.3778 0.06706 20.59)
    (17.3771 0.0655871 20.59)
    (17.3771 0.0655871 20.59)
    (17.3763 0.0641252 20.59)
    (17.3763 0.0641252 20.59)
    (17.3756 0.0626754 20.59)
    (17.3756 0.0626754 20.59)
    (17.3735 0.0583438 20.59)
    (17.3735 0.0583438 20.59)
    (17.3699 0.0508468 20.59)
    (17.3699 0.0508468 20.59)
    (17.3663 0.0426356 20.59)
    (17.3663 0.0426356 20.59)
    (17.3625 0.0336493 20.59)
    (17.3625 0.0336493 20.59)
    (17.3587 0.0238388 20.59)
    (17.3587 0.0238388 20.59)
    (17.3551 0.0131601 20.59)
    (17.3551 0.0131601 20.59)
    (17.3516 0.00141927 20.59)
    (17.3516 0.00141927 20.59)
    (17.3483 -0.0113525 20.59)
    (17.3483 -0.0113525 20.59)
    (17.3453 -0.0252834 20.59)
    (17.3453 -0.0252834 20.59)
    (17.3428 -0.0404801 20.59)
    (17.3428 -0.0404801 20.59)
    (17.34 -0.0679243 20.59)
    (17.34 -0.0679243 20.59)
    (17.3403 -0.104997 20.59)
    (17.3403 -0.104997 20.59)
    (17.3445 -0.138518 20.59)
    (17.3445 -0.138518 20.59)
    (17.3515 -0.168725 20.59)
    (17.3515 -0.168725 20.59)
    (17.3602 -0.195882 20.59)
    (17.3602 -0.195882 20.59)
    (17.3702 -0.220338 20.59)
    (17.3702 -0.220338 20.59)
    (17.3811 -0.242252 20.59)
    (17.3811 -0.242252 20.59)
    (17.3924 -0.261946 20.59)
    (17.3924 -0.261946 20.59)
    (17.4039 -0.279643 20.59)
    (17.4039 -0.279643 20.59)
    (17.4154 -0.295546 20.59)
    (17.4154 -0.295546 20.59)
    (17.4267 -0.309862 20.59)
    (17.4267 -0.309862 20.59)
    (17.4377 -0.322748 20.59)
    (17.4377 -0.322748 20.59)
    (17.4483 -0.334361 20.59)
    (17.4483 -0.334361 20.59)
    (17.4585 -0.344821 20.59)
    (17.4585 -0.344821 20.59)
    (17.4679 -0.354533 20.59)
    (17.4679 -0.354533 20.59)
    (17.4765 -0.36373 20.59)
    (17.4765 -0.36373 20.59)
    (17.4847 -0.372095 20.59)
    (17.4847 -0.372095 20.59)
    (17.4926 -0.379558 20.59)
    (17.4926 -0.379558 20.59)
    (17.5001 -0.386204 20.59)
    (17.5001 -0.386204 20.59)
    (17.5074 -0.392107 20.59)
    (17.5074 -0.392107 20.59)
    (17.5143 -0.397347 20.59)
    (17.5143 -0.397347 20.59)
    (17.5207 -0.401995 20.59)
    (17.5207 -0.401995 20.59)
    (17.5267 -0.406127 20.59)
    (17.5267 -0.406127 20.59)
    (17.5324 -0.409827 20.59)
    (17.5324 -0.409827 20.59)
    (17.5377 -0.413101 20.59)
    (17.5377 -0.413101 20.59)
    (17.5426 -0.416002 20.59)
    (17.5426 -0.416002 20.59)
    (17.5472 -0.418635 20.59)
    (17.5472 -0.418635 20.59)
    (17.5515 -0.42093 20.59)
    (17.5515 -0.42093 20.59)
    (17.5554 -0.423032 20.59)
    (17.5554 -0.423032 20.59)
    (17.5591 -0.42488 20.59)
    (17.5591 -0.42488 20.59)
    (17.5625 -0.426542 20.59)
    (17.5625 -0.426542 20.59)
    (17.5656 -0.42805 20.59)
    (17.5656 -0.42805 20.59)
    (17.5685 -0.429373 20.59)
    (17.5685 -0.429373 20.59)
    (17.5712 -0.430576 20.59)
    (17.5712 -0.430576 20.59)
    (17.5735 -0.432 20.59)
    (17.5735 -0.432 20.59)
    (17.5759 -0.433756 20.59)
    (17.5759 -0.433756 20.59)
    (17.5785 -0.435636 20.59)
    (17.5785 -0.435636 20.59)
    (17.5814 -0.437711 20.59)
    (17.5814 -0.437711 20.59)
    (17.5845 -0.439903 20.59)
    (17.5845 -0.439903 20.59)
    (17.588 -0.442289 20.59)
    (17.588 -0.442289 20.59)
    (17.5919 -0.444861 20.59)
    (17.5919 -0.444861 20.59)
    (17.5962 -0.447598 20.59)
    (17.5962 -0.447598 20.59)
    (17.6009 -0.45058 20.59)
    (17.6009 -0.45058 20.59)
    (17.6062 -0.453725 20.59)
    (17.6062 -0.453725 20.59)
    (17.612 -0.457089 20.59)
    (17.612 -0.457089 20.59)
    (17.6185 -0.460667 20.59)
    (17.6185 -0.460667 20.59)
    (17.6258 -0.464444 20.59)
    (17.6258 -0.464444 20.59)
    (17.6338 -0.468383 20.59)
    (17.6338 -0.468383 20.59)
    (17.6428 -0.472478 20.59)
    (17.6428 -0.472478 20.59)
    (17.6528 -0.476697 20.59)
    (17.6528 -0.476697 20.59)
    (17.664 -0.481026 20.59)
    (17.664 -0.481026 20.59)
    (17.6765 -0.485377 20.59)
    (17.6765 -0.485377 20.59)
    (17.6904 -0.489716 20.59)
    (17.6904 -0.489716 20.59)
    (17.7058 -0.494194 20.59)
    (17.7058 -0.494194 20.59)
    (17.7226 -0.499584 20.59)
    (17.7226 -0.499584 20.59)
    (17.7413 -0.505738 20.59)
    (17.7413 -0.505738 20.59)
    (17.7622 -0.512171 20.59)
    (17.7622 -0.512171 20.59)
    (17.7857 -0.518863 20.59)
    (17.7857 -0.518863 20.59)
    (17.812 -0.525748 20.59)
    (17.812 -0.525748 20.59)
    (17.8415 -0.5328 20.59)
    (17.8415 -0.5328 20.59)
    (17.8749 -0.539915 20.59)
    (17.8749 -0.539915 20.59)
    (17.9125 -0.547075 20.59)
    (17.9125 -0.547075 20.59)
    (17.9551 -0.553887 20.59)
    (17.9551 -0.553887 20.59)
    (18.0035 -0.560241 20.59)
    (18.0035 -0.560241 20.59)
    (18.0585 -0.565957 20.59)
    (18.0585 -0.565957 20.59)
    (18.1212 -0.570855 20.59)
    (18.1212 -0.570855 20.59)
    (18.1929 -0.574337 20.59)
    (18.1929 -0.574337 20.59)
    (18.2749 -0.575997 20.59)
    (18.2749 -0.575997 20.59)
    (18.3373 -0.575126 20.59)
    (18.3373 -0.575126 20.59)
    (18.3729 -0.574546 20.59)
    (18.3729 -0.574546 20.59)
    (18.4067 -0.57363 20.59)
    (18.4067 -0.57363 20.59)
    (18.4387 -0.572556 20.59)
    (18.4387 -0.572556 20.59)
    (18.469 -0.571303 20.59)
    (18.469 -0.571303 20.59)
    (18.4975 -0.569829 20.59)
    (18.4975 -0.569829 20.59)
    (18.5245 -0.568229 20.59)
    (18.5245 -0.568229 20.59)
    (18.5498 -0.566626 20.59)
    (18.5498 -0.566626 20.59)
    (18.5737 -0.56496 20.59)
    (18.5737 -0.56496 20.59)
    (18.5884 -0.563848 20.59)
    (18.5884 -0.563848 20.59)
    (18.5947 -0.563392 20.59)
    (18.5947 -0.563392 20.59)
    (18.601 -0.562932 20.59)
    (18.601 -0.562932 20.59)
    (18.6073 -0.562389 20.59)
    (18.6073 -0.562389 20.59)
    (18.6136 -0.561846 20.59)
    (18.6136 -0.561846 20.59)
    (18.62 -0.561285 20.59)
    (18.62 -0.561285 20.59)
    (18.6264 -0.56074 20.59)
    (18.6264 -0.56074 20.59)
    (18.6327 -0.560178 20.59)
    (18.6327 -0.560178 20.59)
    (18.6391 -0.559602 20.59)
    (18.6391 -0.559602 20.59)
    (18.6455 -0.559027 20.59)
    (18.6455 -0.559027 20.59)
    (18.6519 -0.558433 20.59)
    (18.6519 -0.558433 20.59)
    (18.6583 -0.557819 20.59)
    (18.6583 -0.557819 20.59)
    (18.6648 -0.557154 20.59)
    (18.6648 -0.557154 20.59)
    (18.6712 -0.55653 20.59)
    (18.6712 -0.55653 20.59)
    (18.6777 -0.555852 20.59)
    (18.6777 -0.555852 20.59)
    (18.6841 -0.555189 20.59)
    (18.6841 -0.555189 20.59)
    (18.6905 -0.554471 20.59)
    (18.6905 -0.554471 20.59)
    (18.697 -0.553754 20.59)
    (18.697 -0.553754 20.59)
    (18.7035 -0.552977 20.59)
    (18.7035 -0.552977 20.59)
    (18.71 -0.552291 20.59)
    (18.71 -0.552291 20.59)
    (18.7165 -0.551555 20.59)
    (18.7165 -0.551555 20.59)
    (18.723 -0.550794 20.59)
    (18.723 -0.550794 20.59)
    (18.7295 -0.549945 20.59)
    (18.7295 -0.549945 20.59)
    (18.736 -0.549142 20.59)
    (18.736 -0.549142 20.59)
    (18.7425 -0.548334 20.59)
    (18.7425 -0.548334 20.59)
    (18.749 -0.547524 20.59)
    (18.749 -0.547524 20.59)
    (18.7555 -0.546619 20.59)
    (18.7555 -0.546619 20.59)
    (18.7621 -0.545729 20.59)
    (18.7621 -0.545729 20.59)
    (18.7687 -0.544799 20.59)
    (18.7687 -0.544799 20.59)
    (18.7752 -0.543926 20.59)
    (18.7752 -0.543926 20.59)
    (18.7817 -0.542984 20.59)
    (18.7817 -0.542984 20.59)
    (18.7883 -0.542004 20.59)
    (18.7883 -0.542004 20.59)
    (18.7949 -0.540975 20.59)
    (18.7949 -0.540975 20.59)
    (18.8003 -0.540166 20.59)
    (18.8003 -0.540166 20.59)
    (18.8047 -0.539512 20.59)
    (18.8047 -0.539512 20.59)
    (18.8091 -0.538796 20.59)
    (18.8091 -0.538796 20.59)
    (18.8135 -0.538094 20.59)
    (18.8135 -0.538094 20.59)
    (18.8179 -0.537375 20.59)
    (18.8179 -0.537375 20.59)
    (18.8223 -0.53664 20.59)
    (18.8223 -0.53664 20.59)
    (18.8268 -0.53592 20.59)
    (18.8268 -0.53592 20.59)
    (18.8312 -0.535164 20.59)
    (18.8312 -0.535164 20.59)
    (18.8356 -0.534393 20.59)
    (18.8356 -0.534393 20.59)
    (18.84 -0.533633 20.59)
    (18.84 -0.533633 20.59)
    (18.8444 -0.532872 20.59)
    (18.8444 -0.532872 20.59)
    (18.8488 -0.53209 20.59)
    (18.8488 -0.53209 20.59)
    (18.8532 -0.531302 20.59)
    (18.8532 -0.531302 20.59)
    (18.8576 -0.530515 20.59)
    (18.8576 -0.530515 20.59)
    (18.862 -0.529668 20.59)
    (18.862 -0.529668 20.59)
    (18.8664 -0.528823 20.59)
    (18.8664 -0.528823 20.59)
    (18.8708 -0.527996 20.59)
    (18.8708 -0.527996 20.59)
    (18.8752 -0.527144 20.59)
    (18.8752 -0.527144 20.59)
    (18.8796 -0.526289 20.59)
    (18.8796 -0.526289 20.59)
    (18.884 -0.525442 20.59)
    (18.884 -0.525442 20.59)
    (18.8885 -0.524553 20.59)
    (18.8885 -0.524553 20.59)
    (18.8929 -0.523645 20.59)
    (18.8929 -0.523645 20.59)
    (18.8973 -0.522732 20.59)
    (18.8973 -0.522732 20.59)
    (18.9017 -0.5218 20.59)
    (18.9017 -0.5218 20.59)
    (18.9061 -0.520853 20.59)
    (18.9061 -0.520853 20.59)
    (18.9105 -0.519918 20.59)
    (18.9105 -0.519918 20.59)
    (18.9149 -0.519002 20.59)
    (18.9149 -0.519002 20.59)
    (18.9193 -0.518026 20.59)
    (18.9193 -0.518026 20.59)
    (18.9237 -0.517053 20.59)
    (18.9237 -0.517053 20.59)
    (18.9281 -0.516085 20.59)
    (18.9281 -0.516085 20.59)
    (18.9325 -0.515072 20.59)
    (18.9325 -0.515072 20.59)
    (18.9369 -0.514051 20.59)
    (18.9369 -0.514051 20.59)
    (18.9413 -0.513013 20.59)
    (18.9413 -0.513013 20.59)
)
