950
(
    -85.3465
    -85.3465
    -85.3465
    -85.3465
    -85.3465
    -85.3465
    -85.3465
    -85.3465
    -85.3465
    -85.3465
    -85.3465
    -85.3465
    -85.3465
    -85.3465
    -85.3465
    -85.3465
    -85.3465
    -85.3465
    -85.3465
    -85.3465
    -85.3465
    -85.3465
    -85.3465
    -85.3465
    -85.3465
    -85.3465
    -85.3465
    -85.3465
    -85.3465
    -85.3465
    -85.3465
    -85.3465
    -85.3465
    -85.3465
    -85.3465
    -85.3465
    -85.3465
    -85.3465
    -85.3465
    -85.3465
    -85.3465
    -85.3465
    -85.3465
    -85.3465
    -85.3465
    -85.3465
    -85.3465
    -85.3465
    -85.3465
    -85.3465
    -85.3465
    -85.3465
    -85.3465
    -85.3465
    -85.3465
    -85.3465
    -85.3465
    -85.3465
    -85.3465
    -85.3465
    -85.3465
    -85.3465
    -85.3465
    -85.3465
    -85.3465
    -85.3465
    -85.3465
    -85.3465
    -85.3465
    -85.3465
    -85.3465
    -85.3465
    -85.3465
    -85.3465
    -85.3465
    -85.3465
    -85.3465
    -85.2246
    -85.1012
    -84.976
    -84.8493
    -84.7208
    -84.5906
    -84.4586
    -84.3249
    -84.1894
    -84.0521
    -83.9129
    -83.7719
    -83.4466
    -83.3406
    -83.2332
    -83.1244
    -83.0141
    -82.9023
    -82.789
    -82.6742
    -82.5579
    -82.4401
    -82.3206
    -82.1996
    -82.0766
    -81.952
    -81.8257
    -81.6977
    -81.568
    -81.4366
    -81.3034
    -81.1684
    -81.0316
    -80.893
    -80.7526
    -80.6103
    -80.466
    -80.3199
    -80.1704
    -80.0177
    -79.863
    -79.7063
    -79.5474
    -79.3865
    -79.2234
    -79.058
    -78.8905
    -78.7208
    -78.5488
    -78.3744
    -78.1978
    -78.0188
    -77.8374
    -77.6535
    -77.4672
    -77.2785
    -77.0872
    -76.8933
    -76.6969
    -76.4978
    -76.296
    -76.0916
    -75.8844
    -75.6745
    -75.4618
    -75.2462
    -75.0277
    -74.8063
    -74.582
    -74.3546
    -74.1242
    -73.9234
    -73.7525
    -73.5794
    -73.4039
    -73.2261
    -73.046
    -72.8634
    -72.6784
    -72.4909
    -72.3009
    -72.1084
    -71.9133
    -71.7156
    -71.5152
    -71.3122
    -71.1064
    -70.8993
    -70.6961
    -70.4903
    -70.2817
    -70.0703
    -69.8561
    -69.639
    -69.4191
    -69.1961
    -68.9703
    -68.7413
    -68.5094
    -68.2743
    -68.0361
    -67.7947
    -67.5501
    -67.3022
    -67.0509
    -66.7964
    -66.5384
    -66.277
    -66.0121
    -65.7436
    -65.4716
    -65.1959
    -64.9165
    -64.6334
    -64.3464
    -64.0541
    -63.7579
    -63.4577
    -63.1536
    -62.8453
    -62.5523
    -62.3199
    -62.0844
    -61.8457
    -61.6064
    -61.3666
    -61.1236
    -60.8774
    -60.6279
    -60.375
    -60.1188
    -59.8591
    -59.596
    -59.3293
    -59.0591
    -58.7853
    -58.5078
    -58.2266
    -57.9416
    -57.6529
    -57.3603
    -57.0637
    -56.7541
    -56.4343
    -56.1102
    -55.7817
    -55.4489
    -55.1116
    -54.7723
    -54.458
    -54.2197
    -53.9705
    -53.6985
    -53.423
    -53.1437
    -52.8607
    -52.5739
    -52.2833
    -51.9888
    -51.6903
    -51.3879
    -51.0814
    -50.7709
    -50.4562
    -50.1372
    -49.814
    -49.4865
    -49.1857
    -48.8879
    -48.5861
    -48.2877
    -48.0448
    -47.7986
    -47.5492
    -47.2964
    -47.0359
    -46.7452
    -46.4507
    -46.1522
    -45.8498
    -45.5433
    -45.2421
    -44.9694
    -44.6932
    -44.4132
    -44.1295
    -43.842
    -43.5998
    -43.3567
    -43.1103
    -42.8607
    -42.6077
    -42.3513
    -42.0931
    -41.8415
    -41.5866
    -41.3282
    -41.0664
    -40.8011
    -40.5322
    -40.2901
    -40.0535
    -39.8137
    -39.5707
    -39.3524
    -39.143
    -38.9309
    -38.7159
    -38.4788
    -38.2296
    -37.977
    -37.7409
    -37.5115
    -37.3031
    -37.1057
    -36.9057
    -36.703
    -36.4976
    -36.2894
    -36.0784
    -35.8463
    -35.6472
    -35.4596
    -35.2696
    -35.0741
    -34.8757
    -34.6746
    -34.4708
    -34.2822
    -34.1198
    -33.9433
    -33.7568
    -33.5678
    -33.3763
    -33.1822
    -33.0213
    -32.864
    -32.7042
    -32.5424
    -32.3632
    -32.1779
    -32.0239
    -31.872
    -31.7176
    -31.5601
    -31.4006
    -31.2524
    -31.1058
    -30.9572
    -30.8061
    -30.6512
    -30.5041
    -30.3774
    -30.2484
    -30.1015
    -29.9508
    -29.814
    -29.6883
    -29.561
    -29.432
    -29.292
    -29.168
    -29.0422
    -28.9146
    -28.7854
    -28.6786
    -28.5536
    -28.4269
    -28.3014
    -28.1991
    -28.0859
    -27.9621
    -27.8451
    -27.7425
    -27.629
    -27.5132
    -27.4091
    -27.3046
    -27.1889
    -27.0863
    -26.9873
    -26.8778
    -26.7706
    -26.6744
    -26.5745
    -26.468
    -26.3698
    -26.2706
    -26.1752
    -26.0754
    -25.9743
    -25.8865
    -25.7874
    -25.6888
    -25.601
    -25.5029
    -25.4114
    -25.3188
    -25.225
    -25.1367
    -25.038
    -24.9536
    -24.8607
    -24.7697
    -24.6826
    -24.5903
    -24.5011
    -24.4147
    -24.3234
    -24.2383
    -24.1476
    -24.0613
    -23.9727
    -23.8859
    -23.7961
    -23.7116
    -23.6201
    -23.5377
    -23.4476
    -23.3635
    -23.2747
    -23.1885
    -23.1013
    -85.3465
    -85.3465
    -85.3465
    -85.3465
    -85.3465
    -85.3465
    -85.3465
    -85.3465
    -85.3465
    -85.3465
    -85.3465
    -85.3465
    -85.3465
    -85.3465
    -85.3465
    -85.3465
    -85.3465
    -85.3465
    -85.3465
    -85.3465
    -85.3465
    -85.3465
    -85.3465
    -85.3465
    -85.3465
    -85.3465
    -85.3465
    -85.3465
    -85.3465
    -85.3465
    -85.3465
    -85.3465
    -85.3465
    -85.3465
    -85.3465
    -85.3465
    -85.3465
    -85.3465
    -85.3465
    -85.3465
    -85.3465
    -85.3465
    -85.3465
    -85.3465
    -85.3465
    -85.3465
    -85.3465
    -85.3465
    -85.3465
    -85.3465
    -85.3465
    -85.3465
    -85.3465
    -85.3465
    -85.3465
    -85.3465
    -85.3465
    -85.3465
    -85.3465
    -85.3465
    -85.3465
    -85.3465
    -85.3465
    -85.3465
    -85.3465
    -85.3465
    -85.3465
    -85.3465
    -85.3465
    -85.3465
    -85.3465
    -85.3465
    -85.3465
    -85.3465
    -85.3465
    -85.3465
    -85.3465
    -85.2246
    -85.1012
    -84.976
    -84.8493
    -84.7208
    -84.5906
    -84.4586
    -84.3249
    -84.1894
    -84.0521
    -83.9129
    -83.7719
    -83.4466
    -83.3406
    -83.2332
    -83.1244
    -83.0141
    -82.9023
    -82.789
    -82.6742
    -82.5579
    -82.4401
    -82.3206
    -82.1996
    -82.0766
    -81.952
    -81.8257
    -81.6977
    -81.568
    -81.4366
    -81.3034
    -81.1684
    -81.0316
    -80.893
    -80.7526
    -80.6103
    -80.466
    -80.3199
    -80.1704
    -80.0177
    -79.863
    -79.7063
    -79.5474
    -79.3865
    -79.2234
    -79.058
    -78.8905
    -78.7208
    -78.5488
    -78.3744
    -78.1978
    -78.0188
    -77.8374
    -77.6535
    -77.4672
    -77.2785
    -77.0872
    -76.8933
    -76.6969
    -76.4978
    -76.296
    -76.0916
    -75.8844
    -75.6745
    -75.4618
    -75.2462
    -75.0277
    -74.8063
    -74.582
    -74.3546
    -74.1242
    -73.9234
    -73.7525
    -73.5794
    -73.4039
    -73.2261
    -73.046
    -72.8634
    -72.6784
    -72.4909
    -72.3009
    -72.1084
    -71.9133
    -71.7156
    -71.5152
    -71.3122
    -71.1064
    -70.8993
    -70.6961
    -70.4903
    -70.2817
    -70.0703
    -69.8561
    -69.639
    -69.4191
    -69.1961
    -68.9703
    -68.7413
    -68.5094
    -68.2743
    -68.0361
    -67.7947
    -67.5501
    -67.3022
    -67.0509
    -66.7964
    -66.5384
    -66.277
    -66.0121
    -65.7436
    -65.4716
    -65.1959
    -64.9165
    -64.6334
    -64.3464
    -64.0541
    -63.7579
    -63.4577
    -63.1536
    -62.8453
    -62.5523
    -62.3199
    -62.0844
    -61.8457
    -61.6064
    -61.3666
    -61.1236
    -60.8774
    -60.6279
    -60.375
    -60.1188
    -59.8591
    -59.596
    -59.3293
    -59.0591
    -58.7853
    -58.5078
    -58.2266
    -57.9416
    -57.6529
    -57.3603
    -57.0637
    -56.7541
    -56.4343
    -56.1102
    -55.7817
    -55.4489
    -55.1116
    -54.7723
    -54.458
    -54.2197
    -53.9705
    -53.6985
    -53.423
    -53.1437
    -52.8607
    -52.5739
    -52.2833
    -51.9888
    -51.6903
    -51.3879
    -51.0814
    -50.7709
    -50.4562
    -50.1372
    -49.814
    -49.4865
    -49.1857
    -48.8879
    -48.5861
    -48.2877
    -48.0448
    -47.7986
    -47.5492
    -47.2964
    -47.0359
    -46.7452
    -46.4507
    -46.1522
    -45.8498
    -45.5433
    -45.2421
    -44.9694
    -44.6932
    -44.4132
    -44.1295
    -43.842
    -43.5998
    -43.3567
    -43.1103
    -42.8607
    -42.6077
    -42.3513
    -42.0931
    -41.8415
    -41.5866
    -41.3282
    -41.0664
    -40.8011
    -40.5322
    -40.2901
    -40.0535
    -39.8137
    -39.5707
    -39.3524
    -39.143
    -38.9309
    -38.7159
    -38.4788
    -38.2296
    -37.977
    -37.7409
    -37.5115
    -37.3031
    -37.1057
    -36.9057
    -36.703
    -36.4976
    -36.2894
    -36.0784
    -35.8463
    -35.6472
    -35.4596
    -35.2696
    -35.0741
    -34.8757
    -34.6746
    -34.4708
    -34.2822
    -34.1198
    -33.9433
    -33.7568
    -33.5678
    -33.3763
    -33.1822
    -33.0213
    -32.864
    -32.7042
    -32.5424
    -32.3632
    -32.1779
    -32.0239
    -31.872
    -31.7176
    -31.5601
    -31.4006
    -31.2524
    -31.1058
    -30.9572
    -30.8061
    -30.6512
    -30.5041
    -30.3774
    -30.2484
    -30.1015
    -29.9508
    -29.814
    -29.6883
    -29.561
    -29.432
    -29.292
    -29.168
    -29.0422
    -28.9146
    -28.7854
    -28.6786
    -28.5536
    -28.4269
    -28.3014
    -28.1991
    -28.0859
    -27.9621
    -27.8451
    -27.7425
    -27.629
    -27.5132
    -27.4091
    -27.3046
    -27.1889
    -27.0863
    -26.9873
    -26.8778
    -26.7706
    -26.6744
    -26.5745
    -26.468
    -26.3698
    -26.2706
    -26.1752
    -26.0754
    -25.9743
    -25.8865
    -25.7874
    -25.6888
    -25.601
    -25.5029
    -25.4114
    -25.3188
    -25.225
    -25.1367
    -25.038
    -24.9536
    -24.8607
    -24.7697
    -24.6826
    -24.5903
    -24.5011
    -24.4147
    -24.3234
    -24.2383
    -24.1476
    -24.0613
    -23.9727
    -23.8859
    -23.7961
    -23.7116
    -23.6201
    -23.5377
    -23.4476
    -23.3635
    -23.2747
    -23.1885
    -23.1013
    -23.017
    -22.9283
    -22.847
    -22.7629
    -22.6797
    -22.6012
    -22.5193
    -22.4393
    -22.3629
    -22.2836
    -22.2082
    -22.1317
    -22.0576
    -21.9821
    -21.9101
    -21.8388
    -21.7648
    -21.695
    -21.6257
    -21.5551
    -21.486
    -21.4192
    -21.3508
    -21.2837
    -21.218
    -21.1525
    -21.0884
    -21.0226
    -20.9598
    -20.8975
    -20.8346
    -20.772
    -20.7114
    -20.6513
    -20.5907
    -20.5305
    -20.4723
    -20.4136
    -20.3556
    -20.2986
    -20.2413
    -20.1847
    -20.1294
    -20.0744
    -20.0194
    -19.9648
    -19.9105
    -19.8577
    -19.8053
    -19.7527
    -19.7006
    -19.6493
    -19.5985
    -19.5476
    -19.4975
    -19.4481
    -19.3993
    -19.3508
    -19.3028
    -19.2548
    -19.2074
    -19.1603
    -19.1138
    -19.0677
    -19.0222
    -18.9771
    -18.9321
    -18.8875
    -18.8435
    -18.8
    -18.7568
    -18.7141
    -18.6718
    -18.6297
    -18.5882
    -23.017
    -22.9283
    -22.847
    -22.7629
    -22.6797
    -22.6012
    -22.5193
    -22.4393
    -22.3629
    -22.2836
    -22.2082
    -22.1317
    -22.0576
    -21.9821
    -21.9101
    -21.8388
    -21.7648
    -21.695
    -21.6257
    -21.5551
    -21.486
    -21.4192
    -21.3508
    -21.2837
    -21.218
    -21.1525
    -21.0884
    -21.0226
    -20.9598
    -20.8975
    -20.8346
    -20.772
    -20.7114
    -20.6513
    -20.5907
    -20.5305
    -20.4723
    -20.4136
    -20.3556
    -20.2986
    -20.2413
    -20.1847
    -20.1294
    -20.0744
    -20.0194
    -19.9648
    -19.9105
    -19.8577
    -19.8053
    -19.7527
    -19.7006
    -19.6493
    -19.5985
    -19.5476
    -19.4975
    -19.4481
    -19.3993
    -19.3508
    -19.3028
    -19.2548
    -19.2074
    -19.1603
    -19.1138
    -19.0677
    -19.0222
    -18.9771
    -18.9321
    -18.8875
    -18.8435
    -18.8
    -18.7568
    -18.7141
    -18.6718
    -18.6297
    -18.5882
)
