950
(
    -51.4139
    -51.4139
    -51.4139
    -51.4139
    -51.4139
    -51.4139
    -51.4139
    -51.4139
    -51.4139
    -51.4139
    -51.4139
    -51.4139
    -51.4139
    -51.4139
    -51.4139
    -51.4139
    -51.4139
    -51.4139
    -51.4139
    -51.4139
    -51.4139
    -51.4139
    -51.4139
    -51.4139
    -51.4139
    -51.4139
    -51.4139
    -51.4139
    -51.4139
    -51.4139
    -51.4139
    -51.4139
    -51.4139
    -51.4139
    -51.4139
    -51.4139
    -51.4139
    -51.4139
    -51.4139
    -51.4139
    -51.4139
    -51.4139
    -51.4139
    -51.4139
    -51.4139
    -51.4139
    -51.4139
    -51.4139
    -51.4139
    -51.4139
    -51.4139
    -51.4139
    -51.4139
    -51.4139
    -51.4139
    -51.4139
    -51.4139
    -51.4139
    -51.4139
    -51.4139
    -51.4139
    -51.4139
    -51.4139
    -51.4139
    -51.4139
    -51.4139
    -51.4139
    -51.4139
    -51.4139
    -51.4139
    -51.4139
    -51.4139
    -51.4139
    -51.4139
    -51.4139
    -51.4139
    -51.4139
    -51.4139
    -51.4139
    -51.4139
    -51.4139
    -51.4139
    -51.4139
    -51.4139
    -51.4139
    -51.4139
    -51.4139
    -51.4139
    -51.4139
    -51.4139
    -51.4139
    -51.4139
    -51.4139
    -51.4139
    -51.4139
    -51.4139
    -51.4139
    -51.4139
    -51.4139
    -51.4139
    -51.4139
    -51.4139
    -51.4139
    -51.4139
    -51.4139
    -51.4139
    -51.4139
    -51.4139
    -51.4139
    -51.4139
    -51.4139
    -51.4139
    -51.4139
    -51.4139
    -51.4139
    -51.4139
    -51.4139
    -51.4139
    -51.4139
    -51.4139
    -51.4139
    -51.4139
    -51.4139
    -51.4139
    -51.4139
    -51.4139
    -51.4139
    -51.4139
    -51.4175
    -51.4211
    -51.4236
    -51.418
    -51.4009
    -51.3836
    -51.3661
    -51.3484
    -51.3304
    -51.3121
    -51.2936
    -51.2749
    -51.2559
    -51.2367
    -51.2172
    -51.1975
    -51.1775
    -51.1572
    -51.1366
    -51.1158
    -51.0947
    -51.0733
    -51.0516
    -51.0297
    -51.0074
    -50.9852
    -50.9636
    -50.9418
    -50.9197
    -50.8973
    -50.8745
    -50.8515
    -50.8282
    -50.8045
    -50.7806
    -50.7563
    -50.7207
    -50.6802
    -50.6391
    -50.5975
    -50.5553
    -50.5126
    -50.4693
    -50.4254
    -50.381
    -50.3359
    -50.2902
    -50.244
    -50.1971
    -50.1496
    -50.1014
    -50.0526
    -50.0032
    -49.9531
    -49.9023
    -49.8508
    -49.7987
    -49.7459
    -49.6864
    -49.6409
    -49.5957
    -49.5427
    -49.483
    -49.4225
    -49.3612
    -49.299
    -49.2361
    -49.1722
    -49.1076
    -49.042
    -48.9756
    -48.9083
    -48.8401
    -48.771
    -48.701
    -48.63
    -48.5581
    -48.4882
    -48.4185
    -48.3479
    -48.2763
    -48.2038
    -48.1303
    -48.0558
    -47.9803
    -47.9039
    -47.8264
    -47.7478
    -47.669
    -47.5959
    -47.5218
    -47.4467
    -47.3706
    -47.2935
    -47.2181
    -47.1418
    -47.0644
    -46.9861
    -46.9066
    -46.8261
    -46.7446
    -46.6619
    -46.5781
    -46.4935
    -46.4079
    -46.3211
    -46.2331
    -46.1439
    -46.0536
    -45.9621
    -45.8703
    -45.7782
    -45.6849
    -45.5903
    -45.4944
    -45.3973
    -45.2981
    -45.1969
    -45.0944
    -44.9906
    -44.8853
    -44.7786
    -44.6708
    -44.5616
    -44.451
    -44.3389
    -44.2253
    -44.1135
    -44.0006
    -43.8861
    -43.7701
    -43.6526
    -43.5335
    -43.4121
    -43.2883
    -43.1628
    -43.0357
    -42.9076
    -42.7782
    -42.6471
    -42.5159
    -42.3852
    -42.2528
    -42.1186
    -41.9825
    -41.8447
    -41.705
    -41.5623
    -41.417
    -41.2702
    -41.1228
    -40.9738
    -40.8267
    -40.6777
    -40.5267
    -40.3736
    -40.2185
    -40.0614
    -39.9018
    -39.7384
    -39.5744
    -39.4105
    -39.2476
    -39.0824
    -38.9151
    -38.7455
    -38.5737
    -38.3995
    -38.2223
    -38.0425
    -37.8655
    -37.6874
    -37.5069
    -37.3239
    -37.1385
    -36.9506
    -36.7603
    -36.5675
    -36.378
    -36.1859
    -35.9912
    -35.794
    -35.5937
    -35.3908
    -35.1869
    -34.985
    -34.7804
    -34.573
    -34.3628
    -34.1498
    -33.934
    -33.7231
    -33.5085
    -33.2909
    -33.0705
    -32.8471
    -32.6223
    -32.4015
    -32.1772
    -31.9492
    -31.7181
    -31.484
    -31.2527
    -31.0235
    -30.7878
    -30.5489
    -30.3075
    -30.0676
    -29.8314
    -29.5883
    -29.3414
    -29.0942
    -28.8483
    -28.6043
    -28.3527
    -28.0992
    -27.8457
    -27.5967
    -27.3426
    -27.0842
    -26.8255
    -26.571
    -26.3131
    -26.0508
    -25.7869
    -25.529
    -25.2663
    -25.0007
    -24.7352
    -24.4725
    -24.2061
    -23.9352
    -23.6706
    -23.4046
    -23.132
    -22.8633
    -22.5962
    -22.3232
    -22.052
    -21.7838
    -21.5099
    -21.2379
    -20.969
    -20.6933
    -20.4227
    -20.1528
    -19.8766
    -19.6076
    -19.3355
    -19.0624
    -18.7927
    -18.5184
    -18.2501
    -17.9785
    -17.7091
    -17.4393
    -17.1702
    -16.9021
    -16.6336
    -16.3667
    -16.0997
    -15.8343
    -15.5694
    -15.3056
    -15.0432
    -14.7808
    -14.5214
    -14.2603
    -14.0042
    -13.7446
    -13.4919
    -13.2362
    -51.4139
    -51.4139
    -51.4139
    -51.4139
    -51.4139
    -51.4139
    -51.4139
    -51.4139
    -51.4139
    -51.4139
    -51.4139
    -51.4139
    -51.4139
    -51.4139
    -51.4139
    -51.4139
    -51.4139
    -51.4139
    -51.4139
    -51.4139
    -51.4139
    -51.4139
    -51.4139
    -51.4139
    -51.4139
    -51.4139
    -51.4139
    -51.4139
    -51.4139
    -51.4139
    -51.4139
    -51.4139
    -51.4139
    -51.4139
    -51.4139
    -51.4139
    -51.4139
    -51.4139
    -51.4139
    -51.4139
    -51.4139
    -51.4139
    -51.4139
    -51.4139
    -51.4139
    -51.4139
    -51.4139
    -51.4139
    -51.4139
    -51.4139
    -51.4139
    -51.4139
    -51.4139
    -51.4139
    -51.4139
    -51.4139
    -51.4139
    -51.4139
    -51.4139
    -51.4139
    -51.4139
    -51.4139
    -51.4139
    -51.4139
    -51.4139
    -51.4139
    -51.4139
    -51.4139
    -51.4139
    -51.4139
    -51.4139
    -51.4139
    -51.4139
    -51.4139
    -51.4139
    -51.4139
    -51.4139
    -51.4139
    -51.4139
    -51.4139
    -51.4139
    -51.4139
    -51.4139
    -51.4139
    -51.4139
    -51.4139
    -51.4139
    -51.4139
    -51.4139
    -51.4139
    -51.4139
    -51.4139
    -51.4139
    -51.4139
    -51.4139
    -51.4139
    -51.4139
    -51.4139
    -51.4139
    -51.4139
    -51.4139
    -51.4139
    -51.4139
    -51.4139
    -51.4139
    -51.4139
    -51.4139
    -51.4139
    -51.4139
    -51.4139
    -51.4139
    -51.4139
    -51.4139
    -51.4139
    -51.4139
    -51.4139
    -51.4139
    -51.4139
    -51.4139
    -51.4139
    -51.4139
    -51.4139
    -51.4139
    -51.4139
    -51.4139
    -51.4139
    -51.4139
    -51.4139
    -51.4175
    -51.4211
    -51.4236
    -51.418
    -51.4009
    -51.3836
    -51.3661
    -51.3484
    -51.3304
    -51.3121
    -51.2936
    -51.2749
    -51.2559
    -51.2367
    -51.2172
    -51.1975
    -51.1775
    -51.1572
    -51.1366
    -51.1158
    -51.0947
    -51.0733
    -51.0516
    -51.0297
    -51.0074
    -50.9852
    -50.9636
    -50.9418
    -50.9197
    -50.8973
    -50.8745
    -50.8515
    -50.8282
    -50.8045
    -50.7806
    -50.7563
    -50.7207
    -50.6802
    -50.6391
    -50.5975
    -50.5553
    -50.5126
    -50.4693
    -50.4254
    -50.381
    -50.3359
    -50.2902
    -50.244
    -50.1971
    -50.1496
    -50.1014
    -50.0526
    -50.0032
    -49.9531
    -49.9023
    -49.8508
    -49.7987
    -49.7459
    -49.6864
    -49.6409
    -49.5957
    -49.5427
    -49.483
    -49.4225
    -49.3612
    -49.299
    -49.2361
    -49.1722
    -49.1076
    -49.042
    -48.9756
    -48.9083
    -48.8401
    -48.771
    -48.701
    -48.63
    -48.5581
    -48.4882
    -48.4185
    -48.3479
    -48.2763
    -48.2038
    -48.1303
    -48.0558
    -47.9803
    -47.9039
    -47.8264
    -47.7478
    -47.669
    -47.5959
    -47.5218
    -47.4467
    -47.3706
    -47.2935
    -47.2181
    -47.1418
    -47.0644
    -46.9861
    -46.9066
    -46.8261
    -46.7446
    -46.6619
    -46.5781
    -46.4935
    -46.4079
    -46.3211
    -46.2331
    -46.1439
    -46.0536
    -45.9621
    -45.8703
    -45.7782
    -45.6849
    -45.5903
    -45.4944
    -45.3973
    -45.2981
    -45.1969
    -45.0944
    -44.9906
    -44.8853
    -44.7786
    -44.6708
    -44.5616
    -44.451
    -44.3389
    -44.2253
    -44.1135
    -44.0006
    -43.8861
    -43.7701
    -43.6526
    -43.5335
    -43.4121
    -43.2883
    -43.1628
    -43.0357
    -42.9076
    -42.7782
    -42.6471
    -42.5159
    -42.3852
    -42.2528
    -42.1186
    -41.9825
    -41.8447
    -41.705
    -41.5623
    -41.417
    -41.2702
    -41.1228
    -40.9738
    -40.8267
    -40.6777
    -40.5267
    -40.3736
    -40.2185
    -40.0614
    -39.9018
    -39.7384
    -39.5744
    -39.4105
    -39.2476
    -39.0824
    -38.9151
    -38.7455
    -38.5737
    -38.3995
    -38.2223
    -38.0425
    -37.8655
    -37.6874
    -37.5069
    -37.3239
    -37.1385
    -36.9506
    -36.7603
    -36.5675
    -36.378
    -36.1859
    -35.9912
    -35.794
    -35.5937
    -35.3908
    -35.1869
    -34.985
    -34.7804
    -34.573
    -34.3628
    -34.1498
    -33.934
    -33.7231
    -33.5085
    -33.2909
    -33.0705
    -32.8471
    -32.6223
    -32.4015
    -32.1772
    -31.9492
    -31.7181
    -31.484
    -31.2527
    -31.0235
    -30.7878
    -30.5489
    -30.3075
    -30.0676
    -29.8314
    -29.5883
    -29.3414
    -29.0942
    -28.8483
    -28.6043
    -28.3527
    -28.0992
    -27.8457
    -27.5967
    -27.3426
    -27.0842
    -26.8255
    -26.571
    -26.3131
    -26.0508
    -25.7869
    -25.529
    -25.2663
    -25.0007
    -24.7352
    -24.4725
    -24.2061
    -23.9352
    -23.6706
    -23.4046
    -23.132
    -22.8633
    -22.5962
    -22.3232
    -22.052
    -21.7838
    -21.5099
    -21.2379
    -20.969
    -20.6933
    -20.4227
    -20.1528
    -19.8766
    -19.6076
    -19.3355
    -19.0624
    -18.7927
    -18.5184
    -18.2501
    -17.9785
    -17.7091
    -17.4393
    -17.1702
    -16.9021
    -16.6336
    -16.3667
    -16.0997
    -15.8343
    -15.5694
    -15.3056
    -15.0432
    -14.7808
    -14.5214
    -14.2603
    -14.0042
    -13.7446
    -13.4919
    -13.2362
    -12.9855
    -12.7395
    -12.4938
    -12.2586
    -12.0234
    -11.7945
    -11.5715
    -11.3479
    -11.1342
    -10.9218
    -10.7115
    -10.5106
    -10.3088
    -10.1113
    -9.92055
    -9.73024
    -9.54418
    -9.36354
    -9.18415
    -9.00829
    -8.83752
    -8.6684
    -8.50186
    -8.34066
    -8.18122
    -8.02442
    -7.87115
    -7.72069
    -7.57274
    -7.42679
    -7.28504
    -7.14558
    -7.00852
    -6.87278
    -6.74161
    -6.61241
    -6.48547
    -6.35906
    -6.23737
    -6.11791
    -6.00034
    -5.88355
    -5.76908
    -5.65857
    -5.55003
    -5.44281
    -5.33661
    -5.23241
    -5.13102
    -5.03224
    -4.93522
    -4.83916
    -4.74479
    -4.65197
    -4.56091
    -4.47158
    -4.38486
    -4.29972
    -4.21571
    -4.13316
    -4.05216
    -3.97268
    -3.89471
    -3.8182
    -3.74315
    -3.66952
    -3.59728
    -3.52638
    -3.45682
    -3.3886
    -3.32167
    -3.25602
    -3.19163
    -3.12846
    -3.06651
    -12.9855
    -12.7395
    -12.4938
    -12.2586
    -12.0234
    -11.7945
    -11.5715
    -11.3479
    -11.1342
    -10.9218
    -10.7115
    -10.5106
    -10.3088
    -10.1113
    -9.92055
    -9.73024
    -9.54418
    -9.36354
    -9.18415
    -9.00829
    -8.83752
    -8.6684
    -8.50186
    -8.34066
    -8.18122
    -8.02442
    -7.87115
    -7.72069
    -7.57274
    -7.42679
    -7.28504
    -7.14558
    -7.00852
    -6.87278
    -6.74161
    -6.61241
    -6.48547
    -6.35906
    -6.23737
    -6.11791
    -6.00034
    -5.88355
    -5.76908
    -5.65857
    -5.55003
    -5.44281
    -5.33661
    -5.23241
    -5.13102
    -5.03224
    -4.93522
    -4.83916
    -4.74479
    -4.65197
    -4.56091
    -4.47158
    -4.38486
    -4.29972
    -4.21571
    -4.13316
    -4.05216
    -3.97268
    -3.89471
    -3.8182
    -3.74315
    -3.66952
    -3.59728
    -3.52638
    -3.45682
    -3.3886
    -3.32167
    -3.25602
    -3.19163
    -3.12846
    -3.06651
)
